840660
648860
311487
76315
392989
248722
662277
696654
116481
133250
45571
453531
550871
559184
414529
514784
401892
39275
239585
959087
390397
276739
68113
38873
768068
300841
810649
893586
942222
434051
347348
643521
668773
58984
459131
146151
459817
773342
407069
74153
603601
643117
755115
899771
393935
279199
787119
926827
979666
970647
511837
544327
202597
832844
846722
114925
136756
739808
575833
336877
986671
919905
34749
508636
219015
753179
725496
137656
757526
989719
575033
43251
976283
928885
40612
807774
932450
257185
775620
971315
543298
353013
41756
924863
312512
584043
742491
815786
997010
322365
41709
37668
382782
332315
60398
561902
122527
662792
828409
78786
