907642
892630
352116
939878
106082
163995
36393
825485
875104
963638
744376
986837
962376
545758
968719
945726
111144
822920
681141
407265
441290
129986
254103
262618
698326
25711
621120
477007
369556
841503
67560
43682
432848
243531
1315
980463
802710
24746
191674
165570
32221
608114
795479
804888
10688
687214
796825
994064
404647
498040
960008
585263
806916
447252
122978
711948
928121
906409
914196
480734
144855
602333
582468
478176
871618
140107
693003
133918
729008
335268
862592
778272
757328
688799
647344
292848
4359
43934
742377
815752
403669
162335
217333
219485
670807
666203
647717
12674
767141
985983
176771
78395
60123
117892
969513
145439
921525
652461
680687
483176
