142245
585300
754374
977438
977249
983367
311110
631406
465844
380885
578590
718099
884169
606499
797904
815467
132219
580735
523077
507534
177479
395947
738638
339435
308003
777352
788614
27264
633448
670048
137492
940597
300458
927120
299277
911702
455336
167056
680566
731499
411231
453153
773606
844406
518585
985874
656778
306825
618531
331822
400707
223489
368764
630021
443114
211555
947752
580950
827635
818321
729413
463126
407535
702504
376822
534687
310443
561530
487130
754232
277302
391203
21409
156029
759168
93066
364597
518315
948446
502838
359827
958666
695019
549002
880573
861623
127752
943070
929992
505037
335235
616444
794704
399024
347797
920052
83980
736373
883078
389532
350460
455921
551275
996456
544575
419933
930127
727906
929729
350307
530672
770374
362705
19911
543008
741372
170832
196789
823373
273010
244357
903651
134298
573909
334734
891682
71403
845421
327409
384903
717952
311379
785361
620656
161273
103439
265532
901237
15416
351442
433377
670573
697251
526412
485791
748954
509128
601515
709880
127474
790748
813874
833828
941003
300124
989681
706818
254754
764117
758055
498665
69895
431614
438512
637533
577001
76227
906860
131998
735866
720989
143151
902298
751358
326556
893150
802306
534901
671558
461228
542201
494051
634201
954225
475369
960313
924525
880868
998832
807777
255670
495541
113784
855211
174309
487242
388261
975055
71149
943443
226919
896862
730403
941388
137071
394890
572734
830991
818941
60878
723582
642323
540120
448507
746154
285637
213976
523745
206577
621569
518941
160342
135474
431405
793378
603046
879191
432498
534635
64983
137500
132184
567004
963159
543214
100093
127844
618052
710574
7602
397910
671064
191636
31346
542232
545712
471601
237312
608308
570935
703053
489052
892940
252531
925614
641633
267754
888236
237498
311614
823542
327348
837236
566159
812672
459608
285474
869015
948605
742241
523023
53660
84367
780615
733868
158880
52989
769971
734354
849527
627842
699567
356451
244618
485249
991597
536590
550822
723734
499313
370416
109249
917703
975067
54936
92044
787865
157269
808995
483310
846015
401301
940486
776674
973485
292303
6315
878062
310668
173307
219698
656638
845254
597246
846232
719902
845760
841144
943861
283409
45672
882601
194207
988560
399139
519744
660908
59426
231401
944962
279061
260308
323117
693011
575607
761494
728180
794405
125939
514994
596359
514426
116916
774313
731268
562711
652240
307052
513038
359367
212552
945460
463588
885640
31082
87166
139279
111511
154134
537703
103477
112019
567261
922015
286795
993936
575237
157837
907560
928827
668585
683775
747828
476709
869181
612684
826495
243758
924975
552457
876078
238863
997674
160612
128208
280131
331572
463136
555535
328787
118071
571949
541953
751357
132765
859363
804574
270656
433300
76507
609548
860615
231089
24362
947095
337839
548721
211963
950332
366391
35354
203400
712548
328195
39680
569269
609454
165965
708067
867401
750885
905065
205366
390025
308369
991986
126970
851123
245289
570710
539081
787092
809766
630268
691823
154118
745586
251149
657587
687626
286847
746086
513075
645694
563573
56920
782701
934779
223747
605722
563482
51725
990871
872908
484468
877584
400104
999016
601049
364835
323440
75335
104648
622476
47288
25678
388231
476776
363019
560371
586407
10637
56780
355695
631775
55870
621476
489538
661078
376394
350163
689310
514749
772289
96296
546865
217048
579156
217675
704978
420508
123080
782136
233799
23924
37654
453830
238769
927390
237795
223845
144341
80498
635607
1127
962887
350083
715420
388661
135733
253854
660149
542690
312717
927791
74104
173340
989004
62723
359594
381822
759588
635496
637301
12419
106697
561841
440776
802774
688921
691542
502539
152965
696998
684088
594814
32595
569505
415809
235821
12972
487652
558506
551122
245811
805147
763670
591175
743032
411472
165532
526182
7621
341651
336098
908863
474711
594626
295268
178485
195946
532986
682324
250037
554285
298970
355420
956500
149589
289649
826047
782084
328782
248068
550877
772659
626315
982845
987157
192897
240830
865458
733125
349467
824612
91281
636332
810233
795000
555686
629297
228080
770247
407497
158077
454964
986915
179175
994563
618222
936305
996971
548511
788854
992798
801928
511516
59694
590190
789669
319184
711610
333813
30694
981346
822751
41374
387924
404780
920823
441128
710248
885435
723854
231345
792057
224307
801565
371371
349759
625744
660705
37931
992451
918919
256790
456416
25957
958346
786325
13856
527881
68075
820167
255134
193248
22488
238533
605176
395854
25796
239182
877613
918205
30567
444964
283308
121278
602779
385795
109767
12823
590503
938623
993030
474093
848665
312569
451032
530959
960204
138429
513317
126620
755594
154171
792575
840211
86218
487264
918646
775605
358298
637265
849610
374297
559576
300996
172731
99660
804698
565755
737917
742370
715502
133789
204552
412638
904763
545394
309899
471097
89414
475002
944000
66002
403537
133291
876123
57139
396765
656710
140828
260988
823249
870933
694468
979695
371571
779075
128804
183255
64274
702231
524112
405333
105606
143375
686259
712840
905744
58069
384700
367640
140763
136416
536630
724448
967972
863722
368694
313462
121141
320905
76077
418392
41548
299821
684317
311540
348827
806901
48681
198867
290857
112942
181573
504996
9750
545000
431436
976993
586043
294583
684208
172640
587632
925059
698379
414328
630247
772428
841429
279566
588085
293247
810863
140859
378609
999917
76123
186971
994741
610030
947983
358965
519810
982289
945822
616322
632192
716990
171478
906844
227298
33195
673065
674116
739112
163703
966403
422608
72126
486054
166586
933743
159810
938362
644068
4314
712291
814442
447490
276058
741796
985090
205657
636144
512768
870358
183969
309092
49256
519140
560535
758701
776360
254149
292653
494009
150631
844496
561249
707099
189453
696332
415147
635407
178239
882703
896016
776810
271045
732023
419796
923682
253133
632644
573964
180471
438409
759185
114194
228350
136883
308525
11665
985992
610096
493018
625727
813171
800978
773921
158059
983245
757240
466384
382700
135328
276624
898386
141817
757214
244477
72361
183447
922218
459540
291530
531885
194496
120831
665557
860915
499139
636356
868655
246473
131234
656096
330302
815844
532517
875661
939200
872099
80986
565987
974472
92992
937686
118491
218455
127201
750570
816942
613651
214222
74916
73692
547302
756478
622207
819400
692982
136522
419368
616384
222716
463555
62061
611099
170435
16095
317828
512891
354303
200462
790262
476722
567816
93290
566439
501953
959986
723149
520066
137084
560201
20670
161029
388873
794990
584835
910118
125255
944521
291482
927905
622411
360169
514754
620191
646149
640704
272500
146116
25089
29300
308911
682261
947274
482787
276465
412420
54889
880502
432193
712154
95947
870048
402729
109888
456832
39476
110338
164074
487391
547745
23719
909857
738632
331083
889547
777963
144066
475782
822247
964568
50306
1073
889356
648236
509965
678957
331350
706788
99252
954809
