383261
229007
232021
206666
227828
186911
477041
734067
967864
22579
523682
821194
522731
33519
346319
974608
353537
876456
168189
481442
360070
350363
815046
983939
600799
49361
331689
282370
387368
768269
349435
964104
118653
227566
639866
751680
617493
538216
258497
850467
37320
83033
621848
242847
294449
162955
258851
357411
647726
279749
604475
675466
690948
118862
854490
356449
201504
102911
351280
558103
100216
794499
670482
308032
268368
790639
621778
779269
292825
163768
821289
341868
629043
585941
482897
776320
134547
741938
518960
635101
282944
422221
910894
491226
356152
42225
886567
598291
505135
607437
357692
796945
654583
163953
560004
983641
29435
78244
396192
551118
