119151
490155
532046
680081
9884
525796
708375
648978
945644
12761
924871
711219
999166
514537
494830
764558
721557
559480
865482
994585
390229
143203
753234
558689
192219
34447
245663
299638
565878
727514
389879
745510
162501
223027
357752
53601
975405
846278
746846
473212
883703
368783
374577
250513
26757
79184
905550
942147
39919
596318
599119
931487
953791
262421
460634
694942
668164
280171
410947
187975
591255
671842
351135
34737
270888
586071
330598
815526
233859
7096
493700
790499
481509
174163
532476
744381
371893
194057
886905
322077
500001
867553
501043
181420
565974
533880
425786
707081
738907
208279
323426
192887
650251
579229
831756
848468
385325
337883
600588
682884
