860308
302669
438860
165696
595845
994177
269105
361901
185029
355258
681620
944786
80369
182127
255238
609228
167726
759545
902356
369004
22810
279774
783117
658064
352356
554108
13281
353758
439480
681359
377636
99740
173074
248223
829426
612719
697332
50888
890541
848431
521651
491239
729314
222883
713003
771550
234506
548446
827666
821253
589484
318069
159018
60398
483295
874843
190992
397906
258094
538204
707186
656604
73300
225714
366878
762450
392678
386567
875573
523420
384656
983560
341566
960115
316087
332450
269015
129959
872958
342109
806086
459404
613093
12049
750317
743810
261515
684616
677980
294496
69844
759346
429376
881021
182245
897855
405050
630362
854924
452445
773323
3119
351165
953486
975851
830737
411447
445988
414265
515132
351814
633820
370636
458243
112801
777493
839015
611601
280627
132715
489803
608603
591927
931253
243943
494756
906172
595031
499691
990060
477256
963140
114554
564726
807321
541971
795006
845237
804742
862141
92693
851538
352517
747185
577576
481884
412933
992532
141917
773645
697147
446936
659106
310005
247803
308536
609258
455238
45244
448077
688565
887547
318718
978064
668999
407717
728839
366253
673978
588051
841352
191872
112431
463709
301535
210926
446368
978445
270006
33251
108689
26667
618952
10659
502309
387748
872004
21199
381709
481750
102858
434167
624603
387323
583442
519894
356149
527599
892524
477230
464997
773535
802210
582785
470348
827536
90681
570857
577527
805193
656855
10325
801290
64607
104766
898208
458648
384667
486198
936783
486229
725321
285897
532711
228643
627744
15592
397417
204744
387913
566187
876459
442049
73869
577270
945428
771311
885088
309111
681460
14064
760580
916427
979262
172745
273180
496320
34403
222719
212302
207413
75275
421637
873043
142302
682738
587471
752286
927332
398686
517124
203942
336745
462841
655059
810834
113129
570575
418589
632064
401788
669860
258768
222835
288696
137139
134291
229079
825011
105663
657629
733297
252262
638744
87905
10407
388460
28845
616996
367337
241898
184968
241902
161723
498186
797994
353822
991649
89183
362947
898968
399590
339629
863054
469658
473416
166976
845767
636333
267011
904058
291530
681527
624184
171435
77385
29997
950778
759448
739690
487077
359542
104286
136763
198665
281468
414192
817683
256232
241390
982397
498630
937126
441347
379629
420228
164116
381753
949385
190414
505051
365845
593274
845846
869329
391192
598441
450163
291054
773824
49094
82366
942296
239671
219621
253452
929242
699933
473346
460039
918963
112173
131685
51755
548491
633294
9632
444699
362816
905656
136054
783197
678367
520833
782038
236729
995119
313603
294020
756457
812966
863788
140185
330941
737215
329698
981153
750286
400995
662609
149794
658076
887044
739858
936188
175687
575817
995065
244716
284582
13411
854907
668650
781896
910143
983994
414067
299717
871508
474735
672097
366079
348188
640371
708149
603834
967583
541802
5815
931029
853034
804044
911220
667237
560351
491985
438695
253485
156966
356665
140914
796731
919425
84981
933899
571682
644798
408821
361204
466063
482501
138703
556002
198282
49745
273097
660159
731595
614140
935171
459403
470518
527154
236100
428510
18869
806280
348767
944840
439345
610981
846849
915289
864813
596062
437594
427644
498751
523680
412198
273598
422443
60486
861975
63405
933725
507083
670049
887963
53507
433305
282978
174850
874757
992640
957035
83649
481698
642178
308015
772740
914600
771723
945031
479555
233487
918653
915167
181025
12147
29162
589697
311604
394861
940379
885308
623396
779213
427405
901040
886956
695541
60475
162425
690942
834581
839446
937718
262979
878142
376530
39477
842176
371173
256154
2044
547348
792951
247076
929142
912606
243027
113310
915385
305019
314921
743432
227760
605933
494317
279195
764330
368855
777143
460199
375102
953316
338618
63354
659480
981384
359583
689084
14053
943262
660541
631128
709975
89649
48759
989973
520597
779094
443059
742275
980546
826742
708402
469008
93801
599786
872657
97594
16706
60735
550299
39903
857699
99417
98056
237744
263686
193715
954711
202436
464179
361028
899075
645640
491786
429245
525669
448725
720111
917423
23782
712666
813138
726474
368094
850616
466137
400961
34126
801005
649005
432265
598262
692263
504798
193151
312468
828282
636596
567977
707643
57965
270035
146772
26316
681711
68938
650653
487571
232039
43448
134476
258880
900009
921691
29787
781632
619908
593398
2452
557303
87800
210526
772824
352093
533829
514722
272444
132978
425054
622293
363981
474655
787004
160570
810740
368683
819792
719882
714485
460630
950288
832164
355473
201877
360947
919954
297228
376299
34936
983667
392585
69985
844255
407819
196817
764962
376059
65700
699314
48245
601247
785374
839172
343383
964342
389402
112519
721524
835375
749247
240104
621570
316949
926247
703650
750394
834812
892330
865153
420724
349079
489093
289282
614495
681639
588838
318999
657114
121550
580502
273799
33201
9410
72771
629105
743351
960732
143785
756400
887548
966736
295069
607194
505515
758711
214390
338595
958531
582601
856408
513887
939760
60582
798238
199269
889349
984531
436067
570575
382104
761858
739629
428381
457083
333193
672503
302265
695314
477749
42906
733525
184534
326456
150487
307377
29925
301885
352771
958584
881347
625308
966288
148426
24625
971945
503156
544021
978280
22887
290295
538140
549234
816858
632030
310170
303270
378554
869679
373183
137470
312451
787489
536281
56598
567722
636066
353102
419843
451114
524996
545222
765582
286971
263941
742949
352460
677092
155961
365366
661275
222504
552534
976099
616315
924764
236124
688864
795590
955032
837791
326376
553998
740876
931442
19488
491217
161706
257650
714583
383835
958849
239724
223023
837881
816938
753132
297877
68437
858395
252963
261355
990963
270297
36724
940039
571335
324618
874843
752469
205616
510952
590778
360216
484245
327570
739394
166541
121563
929724
545658
650480
158528
907271
234863
459416
210327
538860
923257
740605
746464
331601
404517
934490
320195
57854
727620
913709
353641
489449
582735
48924
968311
558701
386741
363634
563176
157721
264387
953286
167302
702821
261679
550268
418309
877184
484865
797925
579708
242436
144799
126210
457729
613195
268915
839398
78623
459803
809595
769529
43894
168253
512492
28056
691248
690411
292420
841690
246236
560743
995115
116846
962600
170728
73925
350240
955519
847599
151063
997178
560445
683641
96467
461703
172555
653901
253762
24627
516828
819637
551564
10126
662723
127689
122727
147695
890414
63590
101210
8565
647235
903614
657901
636649
420693
472713
279855
264959
258499
84186
216867
121339
164077
66060
416776
699441
884564
578267
14084
557541
748493
884815
109996
457872
738146
171794
535987
965636
37830
477155
444652
149543
126066
614051
588221
440539
987552
912397
866850
190462
892835
405571
680475
585421
945121
892355
969076
419491
68143
524984
38063
626976
243783
416621
573583
807205
612520
992220
579907
508347
466570
204837
839214
993811
309565
