532474
808323
872187
923667
255910
570323
402206
166442
302708
191188
970501
433227
272159
164807
264622
768182
382350
193308
648593
255150
486610
625120
659493
126712
740219
335507
1739
365249
954903
691159
266139
31903
57864
14853
676554
737776
370113
900826
86709
561375
285981
14159
853196
337605
308892
830918
315805
591275
568698
214752
80636
128302
294701
379499
165837
415420
67324
491897
400238
725946
138935
277580
480259
573000
811607
209069
890975
360540
558002
596060
814155
204811
957466
259105
819319
283302
691668
449601
822459
593537
554864
888140
7240
782351
460618
77331
41775
173865
269019
327416
650317
470701
286268
264541
84627
266307
370041
279998
151150
108731
417294
821467
210199
836242
806529
505677
844537
160980
140763
281274
31737
663963
230404
699556
857703
982645
344506
14427
739841
613028
625582
241107
222046
297598
287931
365648
448062
401013
235331
174910
302315
859633
774376
672477
992267
897561
69732
507161
920389
19697
815558
160631
9934
520158
111178
943852
428815
718852
695635
319624
269749
133136
141895
130191
65556
864465
419719
454376
932601
367425
820618
70127
277067
901794
313365
189285
752540
778820
6937
425415
185298
528803
443880
501756
676268
603309
418005
67175
167923
126944
953704
768221
868992
687570
5691
14448
43172
928715
36213
971114
612663
793164
315808
451542
91776
108979
661544
822648
497214
801142
202610
796508
933201
747533
405142
58891
417416
727532
70395
306459
674440
866926
295694
655710
718869
205773
72735
843962
724544
633102
351128
473113
478573
461242
823002
134070
899648
244550
91253
928984
880100
998740
542980
132380
888823
878738
221667
701034
475541
931072
239055
204170
481728
887440
137368
317007
258473
751590
833349
232049
286621
326399
267844
552825
251791
46190
183244
354325
744126
203520
514641
971211
159811
507265
185699
220490
876921
493848
69220
942172
400713
303885
329828
452729
57424
515307
863963
640565
609520
93441
824130
273432
162160
497282
198158
382798
70033
50316
843978
638709
499758
901382
676623
396052
400334
914786
721699
412332
143690
225602
15852
354534
727765
213302
722639
581483
149549
30052
629994
580819
82781
591681
906538
353013
276716
177723
62025
79901
849510
721529
901479
359195
800836
420730
189764
315192
427898
22874
780504
806148
686622
833907
476175
384651
201200
55136
680228
973350
736586
981597
806489
443501
344421
497802
703248
556234
132293
623118
661066
277865
164226
556824
380217
129931
222901
33601
603843
150330
900411
86670
376790
353111
334633
321233
779490
117839
388044
755694
142712
273068
421467
607419
464637
456711
598524
54465
770570
939227
446767
331104
847524
2806
122523
238287
490963
629897
1075
834432
480865
696542
231301
275745
184048
857704
542303
388415
404280
700214
158878
864645
757341
27010
396820
411107
121321
663910
978581
491018
928619
80430
541854
853459
452523
208008
826083
834623
740296
44376
1268
765081
504753
182248
658635
672440
549500
868861
679668
489057
555494
905349
622233
398793
114216
845420
788713
807671
873906
135373
340709
852552
360262
426565
450375
12108
558836
677092
309839
722638
469806
285309
195499
348594
883911
682077
554178
752630
436108
948952
68829
675291
630207
325758
443506
276701
380716
665389
702479
544733
444075
436160
429343
724448
867825
305637
223004
326448
565650
70093
31634
970464
213975
895868
324684
651501
82807
42688
975837
920320
73142
415294
189068
525776
156887
643624
649949
987877
76479
601674
130680
92343
512808
59716
411961
208693
898558
930514
307155
393825
48794
756167
489953
793560
618584
701209
196363
85680
166551
645141
492753
328442
664652
943155
21239
930470
237507
108100
173005
918214
730740
996360
850586
357739
997118
921756
139109
991915
178818
422352
256159
964997
929311
370967
260592
537883
46981
78039
104476
955101
474488
261985
992146
498759
577571
124922
848081
892224
652566
542808
40247
328227
712926
278376
929064
303323
166976
434252
904279
952616
215122
857315
125044
456382
437493
226048
95986
252172
295922
617532
400436
711322
455856
169126
667603
31755
300303
792665
226510
217858
796005
494503
271951
987553
429267
316209
184278
504045
540483
672408
478148
860109
273088
914894
967686
739057
385265
795782
607004
689296
482931
276234
637189
986569
350802
287018
662089
213739
266468
911314
415843
226064
658563
108149
845512
44004
208997
965990
156696
58948
299098
990917
28192
357953
386785
902358
536906
299139
750374
89005
491042
60234
43228
534790
446341
499088
517107
289201
506856
713931
30902
817002
977986
377486
444805
463302
913559
967119
7530
14666
36899
278595
448409
896726
247263
842854
715144
511615
863922
544087
568937
712634
695415
86303
930881
946547
890151
539858
53222
92989
280483
80654
696345
797093
415329
339872
114685
669599
89904
242631
380980
31138
684457
537360
400853
723919
661876
79008
379723
403148
230068
291088
107085
205552
225168
804018
445877
177623
611999
913330
99712
735764
883951
7384
274145
662534
268018
8106
264450
488963
87302
206831
695896
932594
119968
221710
402081
146869
822420
289684
489667
599619
656084
791910
64467
435233
766312
200014
600372
10785
459542
986068
345978
781120
750735
295650
694610
543275
508369
448421
135159
194126
50091
159402
942461
460987
745248
346578
946443
836594
147749
882674
112230
542995
641221
68681
621800
901597
930981
159646
665743
599330
513889
506870
368945
142665
801940
357615
485901
858815
640823
69052
247229
815420
960289
117246
8841
10990
855980
855163
196245
817476
400056
283005
334330
522968
286473
17353
550129
744121
912780
507131
992555
452116
431927
977915
887359
553535
357453
885598
639291
532771
208321
446235
295003
238403
49842
525095
320216
628717
428565
970672
185559
27643
652401
658227
259266
769350
774403
84667
735028
77417
955457
481015
137550
804333
666300
585206
196583
542102
428574
282305
8352
355017
914451
618389
354709
495064
259141
400315
412463
414060
581503
337542
566102
585102
239283
280425
818308
385874
393431
484338
774453
11488
332841
936807
115066
289312
712467
899451
540077
385409
233835
973805
697663
304999
631249
741054
800301
514607
658043
734413
954897
510816
664846
163088
562517
283503
639778
765041
131202
78254
159912
65667
362870
35155
888104
50015
179252
327265
253730
167071
550550
474485
328534
644470
22749
500015
589088
184555
783145
274875
658363
582192
447748
840443
154598
179043
661400
555923
109027
166112
435585
212560
462236
621313
752893
112758
518433
674355
159680
21604
175052
315766
334885
570214
951622
984241
942526
991895
648802
909039
692812
694577
722535
448058
762186
436339
515755
253970
429476
905773
823130
520138
392517
978411
912790
539584
650702
294460
281528
293175
255714
919134
678069
769299
813854
168327
593373
591920
222438
924946
881532
891422
824474
237061
852451
947133
428264
127355
808513
653106
424764
63026
756010
835139
189842
718963
58426
216021
705323
163738
996563
691455
802525
147009
330305
362378
640197
140493
329471
358087
