591598
868060
309864
183498
694904
556148
536609
514495
303586
246042
460830
820367
977542
953021
90484
614520
834708
318080
923974
987325
667851
840258
919174
47291
937476
361928
757403
384747
789288
858634
171615
459507
948162
636887
179391
340008
694127
566629
851462
405861
168690
34425
174771
123137
778212
412271
220166
25007
856073
463079
487450
755831
270269
53644
248428
70413
369997
952130
817849
530763
185890
691627
497030
951120
381079
731095
442233
698868
471980
377798
345829
519271
916308
570650
103523
818789
343145
64670
866075
988056
176512
388077
995362
43018
815190
73280
546813
658116
367529
430296
482308
224008
241891
411716
43426
55208
300529
509967
999929
396354
170035
927178
402850
766168
779852
328818
64914
764560
435096
863229
849432
907013
495549
980614
158083
793095
655962
929938
559520
485814
618461
951870
911072
402742
112177
486471
343768
527631
826644
866678
41827
571428
447878
409766
525218
278926
223069
493299
863652
264533
584374
996161
169888
371338
607942
975718
316191
682308
646990
636085
769719
814453
714029
158824
910897
265896
612623
369769
371340
959641
849027
923005
452251
87408
437163
597133
785161
223388
326604
572307
119869
988233
809030
544157
140440
340989
546269
1665
88411
36948
775093
109470
554470
591062
737564
876618
545627
927602
286274
816029
340129
887962
106116
472601
101957
307258
354917
59125
56314
397398
48093
2693
933761
571071
625996
504967
354148
424881
294151
663436
454620
479692
641171
870208
575186
271597
343472
706008
68290
526377
49612
54040
273340
288101
869593
430975
288965
886357
485240
62671
932826
422543
71828
422396
684116
442251
218892
384945
257191
700922
197448
569209
891844
209599
410093
351313
693535
977102
100459
316935
308939
112544
513587
326350
81856
61904
648646
746594
259903
135253
820265
922258
659276
107420
466549
548591
826458
432642
798666
706959
37381
48363
978788
688894
363577
592194
545478
433666
220016
790413
193682
539146
900312
23019
139450
157426
214610
842925
401169
220597
815319
981647
4091
413040
133365
887762
514563
272527
628855
93751
120907
52566
733475
283353
933726
524878
780317
637928
914594
529034
687977
549694
907497
605845
475598
34335
683814
765370
564182
57682
732092
787630
995505
404246
935986
250078
854009
52547
250883
229265
38160
280319
679634
536890
561829
61529
311995
33053
960598
568709
390725
403867
894895
684404
630643
808540
89553
323152
27578
842647
780782
43089
213132
254337
203121
433151
774675
15760
523962
465220
755449
231274
418503
476717
188580
203311
496558
198269
782271
421471
965126
109294
80371
714666
50854
933637
445814
272211
775237
466640
745018
258368
874177
583295
173317
433568
733371
301981
536480
218745
179615
521833
639017
13389
452929
321557
91780
79784
517987
755994
147438
764681
415059
899446
276849
571562
710641
368515
307060
76270
709647
152245
540394
580519
838449
953648
512811
801665
930291
3012
512799
899214
295434
218758
700374
939758
433634
908812
394357
958746
245415
32772
594316
462989
830560
696370
424259
362513
682229
584388
317937
528546
514961
345555
875663
905280
303074
736888
85633
486038
848701
543113
961300
620354
480991
908271
489798
120257
166287
319845
620734
355000
74655
350671
193884
935649
306320
50740
677035
736528
784277
262490
630195
399521
783152
716605
112875
88065
566585
506219
556620
841237
189438
602687
1985
718730
832515
131000
233147
743610
812010
382901
413152
318008
248942
647311
550435
675320
174665
936531
796911
200350
194486
934106
926845
564321
572689
73351
716869
281628
329498
404509
376336
289905
478616
379067
721580
875482
33626
168948
891129
16205
761688
728911
937505
291339
598137
932568
54053
183622
718190
272673
383826
390509
934395
532441
944018
317525
743062
86278
70750
392261
940648
753890
164817
301278
232752
931024
679000
397349
855879
191737
62854
252207
62398
492999
380420
924648
433315
581182
765670
620799
124707
882162
476952
540594
141257
277801
609911
612081
228708
823949
253564
810354
957255
659597
245971
150928
786154
995154
422922
949344
924846
90714
475492
85715
327102
828658
606478
801985
338577
523220
101673
336472
171596
375706
71430
623904
378243
219678
804272
709418
183456
743217
914402
509973
989468
931636
107161
719932
522411
48662
24900
317375
206133
422634
736473
317868
98366
682084
102913
253451
987430
557872
471219
212611
570700
989166
488862
527788
699022
661198
734976
564338
966252
523077
821268
520930
505803
582441
944040
722452
997077
713199
140940
720630
436797
492158
318951
336945
440608
182959
19043
566841
340039
794020
778504
789494
493577
312834
598119
132298
365134
756812
287980
973951
95534
255069
277463
769870
439415
289538
777732
325582
235533
372402
441446
702968
178604
158378
260754
304211
659338
909865
9527
635456
610328
148741
361388
301988
404454
974505
922594
224301
154214
992364
608825
395971
528520
928270
729070
646669
657157
237969
461041
230301
471096
744946
700436
25017
300326
714755
31200
331015
26910
321190
557890
234836
254204
423527
245923
884353
942727
698039
179541
414026
517242
838401
624808
694580
876448
467051
403485
168787
811224
509483
904178
791861
189112
507779
285852
69871
179982
362267
242195
839873
20802
27961
685639
604840
923863
503839
549808
718081
662224
930177
542339
468821
712175
220449
380480
908485
944729
899913
524584
674707
504533
818788
124108
954122
964147
103802
211009
314892
754377
566662
847344
113014
535704
101366
756106
595249
24974
38271
391064
962712
820005
646618
498352
420417
237545
711582
699332
44651
790806
597435
493524
115330
322335
829264
997059
674257
152203
403498
587144
898884
772218
681882
348859
345049
706246
836658
16719
247523
11013
855516
174559
47931
21930
406230
815265
285635
856907
640077
626103
377880
427069
674005
326052
619732
824731
881155
965467
808572
408742
67368
153459
542797
508998
137450
976120
464862
56367
617152
203291
456434
509407
828233
769289
585116
401411
519114
168408
560591
825145
272195
907870
677953
237681
7724
375580
880892
176492
135697
735512
423297
996326
442183
822728
278361
38289
408394
224874
977977
455543
169204
980849
355281
504960
925660
645273
934513
687636
848329
843867
615768
352792
393682
59517
138843
491413
391379
927233
397551
384951
713486
92605
82835
983473
929115
657227
915804
579261
418317
498902
996382
238145
270115
479189
9908
453198
713128
835796
777389
774273
503464
69870
609875
75980
613583
984343
490201
470287
654431
561302
601440
724256
314189
674767
497574
716778
467449
343870
352204
884273
855817
628672
452354
195059
108641
50507
352657
418282
138432
859263
696644
661295
357178
554772
755508
346168
1358
309874
974447
759618
144995
805919
840644
55114
314148
347602
214574
635188
588276
263207
618907
571855
342288
943404
721751
179376
483968
219864
614426
206266
216058
597211
991338
995392
133459
522513
456430
172673
380898
115280
87889
637522
601076
689952
601167
527129
665445
439050
700511
390261
2017
959497
220541
695995
94839
