97025
258279
524671
939116
872213
805643
99173
784781
589629
247360
142838
122322
423670
178973
337243
802868
321699
880773
439990
342315
842941
589429
244579
36427
198951
446766
687840
437627
817951
656953
171657
605261
193489
478684
815227
678079
584517
872023
846939
662861
163769
307227
872623
72305
162250
428040
256745
886649
753099
142369
594245
149122
100344
815567
969608
233046
702533
256014
895015
590560
452687
356024
262154
850568
515188
852140
895333
913071
719614
669531
99270
863880
308346
791791
63726
59409
79911
692888
85718
40494
854474
644276
135571
428256
47135
798681
939603
940006
929385
914306
226503
349680
371306
691221
192923
591676
736815
167629
560992
211792
217667
854409
341067
560722
597764
862640
80471
850055
271442
980607
424709
176870
903267
588080
836676
587224
918259
33736
798059
27087
482393
649342
781218
544960
601845
574851
682465
783486
369094
374642
294032
33461
636888
986518
997966
331199
263898
781458
556366
506918
251725
731505
351707
330615
767449
84555
41916
297471
695546
318608
817202
506341
130711
848564
325406
267044
678771
657911
516991
260003
428924
102864
888217
206066
78593
862517
833970
58147
970817
692362
380919
823427
35486
543395
669499
563828
213809
548472
961887
237672
970807
568676
331148
371644
669288
514393
71005
336302
303656
915301
505434
445309
17495
142105
945888
858268
718147
250779
568156
598290
900221
443658
57846
37361
265289
245961
3786
980336
289455
440939
3793
842471
874414
263801
37022
954023
312848
146146
212677
470964
212441
680960
476246
267041
293465
493507
346695
162246
690529
449724
452271
739679
700114
739912
503535
434564
802576
106647
166827
395329
642262
774040
101430
700369
804260
262595
800844
494972
824019
339522
579768
52746
89224
554621
606870
341218
157895
766528
70515
465796
908831
796939
649168
248032
547971
333431
987974
133649
817913
99200
790083
81849
234667
642867
48242
211769
703836
85557
396793
522957
274036
296429
595996
591555
203004
274831
664190
974038
948709
245318
828936
202667
492098
838205
990370
717991
109846
62411
483231
891627
475080
74809
836853
819629
159923
101616
411753
928884
657050
310788
947465
193200
472184
536023
870419
885811
992822
365483
773876
402320
781494
398984
763498
872015
707852
512710
501770
127753
293837
444856
932382
861606
918143
192117
285798
889969
786288
772740
869311
188501
515810
725987
388706
299831
478755
548788
30723
398191
539387
461189
486233
301860
932543
381370
821693
599874
40323
128985
21036
486043
154221
86450
631655
534935
983204
86313
727162
922009
520038
94498
125209
8369
458809
658439
27877
800375
401209
233593
671438
712522
821584
209937
338259
50789
900932
523793
167014
835162
740651
160812
386923
345967
753465
225966
696542
733522
696762
427913
646227
685049
314651
268862
798169
694682
870498
643044
995896
12612
724798
597912
675290
238809
990265
403650
261254
842600
414729
980799
979335
725803
986438
448304
171243
411226
109495
414750
608423
459562
949701
638857
135832
248613
929617
586188
341156
615079
347489
621166
629183
742002
860981
757383
485962
581167
361528
267788
517333
5122
214354
74554
511365
982216
137754
218972
178961
460144
649897
497272
747046
122483
539658
63708
747051
55857
902733
744576
480607
878953
443387
673752
7005
728661
812067
976505
917505
88480
910931
848037
965157
38341
231010
537525
182597
486341
955306
932194
425537
329348
685972
274799
199744
976129
807244
200055
285296
815665
141203
480590
204332
85174
508338
56343
804279
861377
537292
648930
751653
584321
519885
170495
789145
603462
574975
355684
27433
871671
431419
74486
784286
280684
393724
724855
425687
416809
189711
965773
777292
955256
389734
514795
621680
460770
848780
415518
201648
325641
951476
515126
420825
697829
722986
433551
623318
550937
369899
993659
886486
914225
779408
647373
660044
878715
396452
616389
131472
73343
335767
58195
768995
277020
284748
553930
52240
67008
916493
790882
241837
551427
494302
819626
675265
570081
723887
489608
589568
416082
946026
867566
279089
829128
225069
122395
398256
833220
305234
648011
165264
143510
170537
702973
539672
175855
187463
993439
921390
978212
817847
765783
275986
415105
561103
542128
976129
448840
330334
391199
312313
84485
814018
421810
822748
378127
669142
219540
204014
254173
377352
367487
556857
136962
972616
658366
868944
158854
217564
611230
335344
429859
401424
468977
176386
953689
373451
378878
167037
789614
288574
161544
298536
245126
579445
649785
333821
850010
184592
571051
698409
355352
34507
261459
510896
348183
15736
511115
334446
761973
335
576251
528440
939408
149468
45155
802721
136989
96790
503559
257112
696040
373392
145846
745135
144104
154248
800313
638646
982782
704989
110549
82950
766666
629790
110077
127770
121450
59006
776792
293271
899857
163427
931946
473580
527231
615005
754401
685652
348322
143156
594815
966136
866569
73754
685150
260722
544321
228991
266341
836973
660622
613124
445638
424936
549832
41735
831984
561305
493007
16221
193624
99694
645356
998045
296416
332206
779461
211865
827937
447551
759612
557416
904922
962944
429542
870559
723764
563798
51171
754654
371953
923013
970847
167878
988529
969140
920868
484424
790433
322387
43481
473753
17024
784664
245979
320705
684623
67428
494582
452243
985493
956933
996799
588599
882508
735124
153746
142691
837355
546303
611492
103464
308945
375137
780932
151465
70155
733965
774067
661030
40706
699242
643868
773046
827716
873464
315313
695635
416493
511153
786404
667983
774386
670986
732351
959205
287369
799128
259937
246955
645560
215440
894870
657507
840889
521447
897553
871280
681479
486744
265608
617061
522313
643780
895405
105209
824215
567027
65156
661527
179757
947192
705381
146706
53867
809907
920912
188790
22854
476273
444328
644537
645263
164398
299150
272593
287582
357626
425563
996575
296411
552568
682297
969736
676136
323651
528415
72101
341486
741292
778023
384336
825859
181087
316301
653535
235765
653924
609222
680941
362230
427393
470330
717715
526499
404988
387360
424630
793331
787837
708981
200698
870969
2258
566169
320725
39061
238477
913286
226814
141373
695752
451181
347140
509923
191305
777967
498490
284868
672128
356469
897232
441677
884205
135788
182141
778217
114718
465184
943832
293867
670742
308404
540038
825941
706570
993404
12302
714499
354629
530423
211465
27319
170987
935788
367925
407170
201754
428319
342312
344779
773996
261616
712801
147263
122969
710353
91258
776661
262138
40802
816953
250748
255848
273003
220294
238500
220483
527349
164984
369446
385934
683141
227208
714513
762552
894710
301607
28114
401077
355186
744171
672575
425419
888589
858916
654080
20393
199294
534413
294426
310129
908922
93727
149786
686615
285422
681215
82714
17377
973017
927767
107443
609294
456965
166977
958911
54803
255456
488224
208329
501504
907067
800649
329748
854722
576414
677983
6532
499009
691909
861693
426733
117609
698940
377675
316023
50503
199378
454196
999147
651401
223933
