846959
856962
825554
974622
836107
984493
827823
197115
338884
602152
913058
112630
411150
586877
685681
67148
364128
574689
340349
162038
220147
424200
282328
521884
829929
464805
90299
155415
969739
115133
319375
493985
417899
690919
912809
202268
10536
874658
950611
736827
438160
93715
191685
45073
411808
339545
754099
633012
84198
659791
562304
767821
540231
400861
148432
504448
34333
59451
709947
513586
808504
398980
226333
172027
224518
323954
65930
369258
183373
363196
390175
571183
410324
265353
642099
497193
190562
561615
811245
553357
163614
838733
723439
725615
808469
780641
690736
924848
225371
653383
454568
764805
331720
268974
57316
59552
436580
851768
667257
681213
