638365
242003
231516
10135
243263
840067
424802
383784
870319
303444
336345
351560
438313
443830
690634
23265
472118
409459
756643
283684
970654
264501
209330
18149
321019
336686
857616
174163
590184
311208
162714
277074
859097
859689
89499
453239
956676
287426
54534
920671
199485
158388
185502
645421
879008
751488
59768
29022
893031
422410
212760
630026
359644
521641
808953
29561
654568
453453
905321
49311
5385
613197
866576
41206
15458
140109
931217
296118
781740
778889
528712
455668
748554
219712
576692
684052
479163
140863
725038
494828
528361
874568
938327
619511
776478
806752
678161
314867
400214
727666
988067
312472
225007
107491
190848
192628
747197
119027
403745
148392
309818
714572
226383
570297
772250
359403
494653
722131
21821
914152
108113
467745
787070
33443
744515
627137
796777
936333
196446
297384
818825
521424
661796
118802
349662
48540
227599
447715
184749
722063
786545
253151
820722
194625
55549
459267
474673
671273
986718
496830
121386
693615
824261
200143
221931
192462
844800
538748
997119
186277
440966
53036
943300
198299
760591
975074
163547
783533
910496
928534
861560
371542
219684
839026
118169
97497
868150
201510
725843
620142
873084
74984
116551
523463
650157
94219
839028
810429
641522
353659
945446
221596
396074
956307
106253
413576
108488
671323
40296
281482
285783
734433
372576
130171
738910
666994
463409
169227
30431
121845
156099
232174
797497
79205
489943
970725
533485
979817
704221
581989
706557
500114
317154
300517
738224
98416
36582
734793
311795
135313
508107
564902
728666
685143
298730
97585
153732
324469
858304
905161
825115
148614
853830
839262
327482
446090
916062
65020
451562
630909
875817
75896
148869
154454
395061
945717
290876
278041
913940
367124
151732
17049
150536
720502
879626
238862
746778
794670
19768
295887
713994
737032
459919
425452
630368
864561
911332
981610
548513
753665
279048
164443
666909
853356
503215
822170
793189
791808
538417
829665
57499
627291
24879
679751
133857
41389
846286
967384
155123
284390
552223
682450
65233
365308
424223
304570
986325
358298
917337
481306
255651
613928
988330
932567
397437
88755
809501
406322
178870
514426
293748
89883
441790
587732
434888
920877
684572
552065
772360
304331
394875
443915
215389
280149
653979
749720
484782
626886
357672
247695
948031
98604
128232
629669
277236
591557
730637
637763
278708
472435
22442
837462
424873
537820
559426
403890
211875
452449
579005
181283
672156
334073
875252
227986
57046
790569
493227
506705
996897
867298
252574
598787
269369
408759
33588
774187
176587
566009
597328
836751
214872
33457
992455
687304
218802
769721
980076
877161
37796
791287
583046
448522
501359
788343
173155
181680
882414
873636
234694
899610
370971
632227
831483
580330
73741
827339
108399
19667
977158
286348
906187
909165
80254
829392
425222
837174
49540
158205
184622
830319
875842
485757
118440
656868
116249
536267
558872
591242
816794
729326
39593
854528
440541
927043
955833
832056
751810
611634
652516
391535
842562
24707
346988
790040
148529
283145
612290
892823
693714
682364
713587
465384
543894
17701
499762
647520
343731
943026
108350
903500
78813
711785
875503
920566
856740
794681
868323
871045
640746
749037
805759
891204
510975
240250
842724
192635
500443
208887
15984
118073
999223
609708
840942
292852
704136
363138
744859
95751
908313
552474
367510
182809
966404
194106
427171
585822
489292
564643
78939
648247
233050
890238
55924
939061
270483
797684
187497
737083
375378
112221
51206
703041
71239
725712
72018
56245
466731
556953
597528
557308
734239
678280
721812
746581
120032
597798
160503
720927
275817
777539
596375
317617
737510
659307
786039
429863
969808
15223
170606
358781
51625
270975
979318
594835
710422
470893
673299
474768
451412
89901
821341
122851
995480
701696
4524
659429
197959
464304
122336
290458
666127
72286
89162
835159
647328
999927
174651
849213
165707
40133
519591
529315
748277
18849
574324
81234
101687
243655
762789
360233
440086
202370
108894
288545
890202
443270
313171
111403
853133
452956
380625
264758
510354
604727
392489
931084
72735
48358
938484
202908
218136
37603
316424
449490
854409
442184
514358
335266
628032
951905
796092
847205
854149
924
409998
223002
201207
538909
366268
763149
842885
466350
995456
167316
492101
520532
85414
615158
638388
732797
554264
56935
460555
320277
406661
694639
678330
238583
691246
727912
518532
260928
26509
190758
994550
296064
67809
106993
384197
725642
527706
512365
529603
514155
942558
522843
684926
707831
141942
87864
112565
448510
708441
808579
932472
94878
412562
54044
327899
635826
376208
970888
39638
286249
942602
612049
106556
197361
144973
98442
958358
680785
502243
70577
965148
638934
84002
908205
555727
506021
619790
86646
248310
844912
487724
2771
56306
378436
59300
986175
725376
243710
205521
289189
37003
884637
581673
744203
756332
913459
106756
206667
810303
705398
600523
601467
366243
260275
25982
773230
771341
341474
4769
252436
741898
753812
601284
977660
360143
949833
235950
849786
720638
195102
989605
743844
667768
873763
787997
158710
515865
342155
341371
824597
931156
993852
158852
882097
689964
868359
474727
576963
837581
737649
494755
898550
952325
262320
343766
6370
791970
823794
402276
489203
273512
121814
21952
486312
189039
431742
510490
459448
828887
414396
292005
333775
485225
813097
110275
976629
83852
815700
61264
948496
639585
219416
939272
185408
607291
861511
204438
349736
916286
989122
17722
242636
898003
354282
982549
6486
714821
843569
914324
940851
479483
679306
138615
523930
860882
653567
128637
883885
436119
327521
729710
326776
651102
140825
365828
377494
499137
223389
635383
641714
734905
54911
94180
951851
528466
21471
439257
436241
931022
976513
48320
846413
431000
610425
444261
412381
53027
289795
505701
828220
800479
708399
914549
657695
175896
407097
998348
891676
36459
668087
949486
832934
37285
644651
58390
616883
164025
407288
9088
591870
197150
520626
842640
191336
431171
636622
900258
263546
929648
492536
535855
778949
953786
702148
444952
922986
290787
152764
411411
944118
171212
161239
24623
885157
695191
214667
319877
182920
967645
723577
52029
490304
253257
154439
694970
636458
503887
57740
133987
910165
477133
938020
601167
940142
762876
564322
139980
308157
624594
215909
176588
537608
475832
1603
876013
122005
584995
202211
246628
586701
725201
427047
508421
55164
699106
214150
837937
991733
592721
554103
451996
438163
864269
350473
894841
207322
749624
804304
614469
718587
133051
117625
677293
949366
850564
71551
263709
683418
388893
434358
584678
706152
79338
763461
817931
911062
627647
935153
778665
287343
189211
515348
743872
75095
419590
907180
295970
143597
432514
123663
422966
418313
415280
386620
899369
657380
380803
326862
651891
767191
23769
513738
63425
183996
254139
175895
400324
753265
998002
327885
101334
827195
80196
577573
288708
958598
9162
746001
719164
569866
899119
540453
767188
984266
157063
839986
