740214
950923
836641
374776
405770
573265
617879
359200
334210
824921
889894
324498
235840
26593
375120
532615
45880
613348
437762
256998
459176
543654
83605
559267
310245
364381
876527
209777
377617
436092
710474
885093
497193
158300
550221
700777
336635
445193
947222
413465
166836
715751
370969
323965
873111
796416
570146
605475
414922
90923
51254
676569
891275
496985
861655
309316
696832
641599
372839
655776
164715
267996
552484
10517
582844
590374
946514
957362
870976
648213
113526
23176
906808
35851
729726
198886
255300
417822
589950
972844
961022
94660
146773
933774
852068
826330
909806
499687
773933
33873
781538
148599
110972
92469
452987
310267
72242
945499
437332
775080
308318
555687
933468
242051
693456
517047
901113
410783
416651
221936
820681
594356
885656
818083
42947
993625
634999
541531
563196
884383
869425
724677
63686
311881
488777
613948
487091
963307
990736
218289
963895
674974
648280
874548
48939
780765
557056
655073
500334
622591
915310
87529
822950
754769
45660
383228
449828
434703
736009
29200
394661
498943
543631
546961
826165
715179
403732
525285
516015
579833
387866
871130
594271
458856
118194
798127
563656
442281
387342
159228
152769
323288
698099
836926
26426
68629
925197
852867
158236
430787
226268
397806
466895
844189
542797
169384
990485
113200
238628
57188
816531
912185
93780
707788
962096
443227
891825
531469
58902
551420
52668
732348
518870
211838
911966
345187
82408
172821
775600
495597
597903
734474
252343
713321
161691
451467
937645
712702
576520
413356
464058
497388
494020
353470
30786
478330
92174
566090
322775
185666
410106
865771
444367
955605
788561
409285
829105
999372
289173
594086
919625
685868
464098
215287
274779
409397
902959
603934
574388
498503
892084
178868
851867
127026
322854
220446
174695
767896
132766
272010
656426
946561
113367
448136
89995
889147
936022
560962
653362
838380
962724
304410
772636
827958
409271
883422
983182
810117
358703
217322
834726
777144
706620
892891
538892
479593
50268
693291
940488
198555
540162
982638
420078
743295
183890
954920
338932
875683
247753
472521
858532
206392
396666
738822
191724
980286
123315
239060
400659
88910
765694
647811
486278
267907
699907
987126
977169
664262
127563
317627
930345
784181
424671
665611
324325
609456
244239
467807
469709
543552
290894
930412
571467
825251
381947
697277
378238
150840
93306
401645
566638
274627
987841
175741
292953
802270
221935
369816
701740
397309
773974
869088
491533
598428
159577
956212
228181
929607
184497
610561
467803
914629
605770
474434
388972
543970
832074
708949
624598
129432
686449
433915
637987
562970
828059
129004
68580
139132
582499
685525
599395
712386
631394
394607
54906
693827
471637
57277
99073
672761
914140
405346
208802
907944
289631
740252
723146
572585
222923
182497
196280
507411
461562
896852
404983
289540
590193
969700
137640
719633
619266
466754
380537
764424
71890
165308
512178
784926
245493
511995
200110
733242
267573
283349
664870
817308
402738
368464
129577
262316
916003
18740
541736
881371
771067
730188
741933
273656
312678
504121
239276
142993
991794
526770
68338
377795
743243
257051
661242
600801
522207
918465
141407
356605
452320
802224
359979
86550
585767
967282
196685
402782
230902
656484
55721
499046
75158
200310
21706
660264
834015
252222
805683
177
172246
538618
789139
204457
767280
9888
722966
230528
466421
902692
642328
771063
650880
615942
521396
287688
244835
609044
319803
549171
204967
417219
719616
285415
62832
304550
850448
198025
431871
325961
36608
493987
63954
822637
965662
44588
12710
180575
573193
327344
658461
631
772253
675036
714298
118762
479942
782248
300680
896717
101814
931873
396507
315687
295153
827346
583214
726513
27845
629966
941163
336300
642584
998749
898442
705695
360538
358977
733329
973996
399065
534691
453177
413134
771442
708191
525745
825265
126245
3753
956411
113262
573122
879706
695349
300130
944192
25883
703858
666026
984173
840428
798599
70716
704383
177490
825698
736101
940872
394843
117204
636827
586888
287311
918447
637246
448540
549685
808650
908144
190613
70526
611169
293837
201700
243859
176921
696777
369201
386934
161122
350949
188170
179991
598902
519502
103096
783990
168446
855762
822062
85167
782995
159039
99739
572583
487585
454042
125470
581649
702952
537465
258777
954270
857756
93438
9887
949887
545453
862000
765319
528664
551969
227383
966306
644802
159260
254324
328073
924221
886018
493435
771023
914289
736307
308718
21205
844895
773173
243767
642621
794345
916720
279585
742071
462586
495378
897491
95735
452307
71634
973291
972999
614707
205266
60659
227448
554018
30046
57475
175604
871835
283986
549811
370415
687828
560600
938234
621564
834859
865869
690216
427772
511279
933317
428348
321841
777287
659045
793315
293808
382659
119407
315342
376821
651261
892635
100270
729744
761515
546464
517839
825470
571973
900690
885454
905811
203469
813413
74680
139154
897087
507215
910529
108959
35863
826636
781470
28171
872058
29499
817215
658767
100162
618150
417516
423124
226345
349599
57467
573039
234897
712005
812140
389994
150061
992358
184225
619517
858768
591742
667197
437020
383632
165662
359767
740138
183446
262696
349211
727435
387781
94391
513405
604759
854085
803867
719131
14634
531179
407361
375727
462424
234183
302706
452909
775550
880009
940402
221439
916275
159824
171912
314779
21918
490577
953886
611837
505377
956896
527550
122694
309555
452638
973628
284913
416652
463168
193203
922606
425785
372791
516647
634013
935695
341441
705098
319848
532924
451724
675546
638333
386553
101570
982119
69223
905884
97590
998386
595080
35849
852841
192497
676405
153288
476216
394096
89006
900723
541350
408209
939832
676806
952386
562036
791961
623577
508341
458609
945328
52841
50858
827906
88558
199954
579738
35006
636789
732057
662387
134016
573387
852517
311460
387366
313978
938382
790279
195829
859208
825422
207852
266650
624526
814037
634942
224972
567864
277624
216277
564365
312216
783049
737879
671886
792870
930689
994571
758322
236760
906586
624508
18091
98330
676346
633414
194753
662635
670345
910720
824049
755476
632419
474374
206706
385221
747113
929
415251
174925
896306
843733
498431
775029
561632
221128
182563
596666
138701
566090
834662
407782
380323
765893
183895
190474
27722
105730
619621
680090
437629
998997
614279
337189
323254
953127
977212
780463
508744
405598
734828
223021
684171
211627
507822
9756
298929
347439
305123
853950
513655
775691
759423
823922
403896
48066
382952
622510
177051
692941
196214
626460
675757
42876
867099
302671
230729
823748
564188
994657
940532
205929
781181
880618
462021
48457
545531
636063
95809
437698
982963
330500
643781
421185
55008
189327
96092
118696
833986
719003
868209
806363
170329
644869
869534
687592
846800
765991
351458
186448
95479
99887
481266
625974
228265
202203
557350
437219
521037
835475
612436
503476
300727
31586
412986
928993
235950
175315
305748
98538
989577
421476
909518
253088
318898
496361
