233625
895124
681747
247949
674584
575018
156244
763534
961634
468999
812172
818261
7972
222038
389816
11999
825451
496540
913260
645971
882650
674563
401555
253726
430455
348163
731924
195567
953247
648044
826833
585804
417370
801298
286089
88528
312329
483093
678877
752642
807356
860363
957616
893266
410400
357517
484327
374514
802837
923163
800912
103502
400606
662253
936030
335402
843186
189719
116690
557591
613807
651927
181238
9170
352878
799614
309060
583033
895729
405881
827043
569451
773433
523196
679377
769466
734773
73034
934620
870095
973844
481442
633546
837787
163515
162249
432920
390838
891154
506353
439647
624150
890041
277059
394003
582381
104793
815374
651814
14110
812565
90315
508810
244702
794014
150348
641683
778660
81766
207553
171386
108108
761004
306599
271422
241358
659510
566094
403044
658453
263773
598405
627936
518463
41858
772900
131404
650288
10526
608949
395093
270867
965943
540607
900277
836142
920687
350961
416794
487841
642167
360040
394790
970747
625184
393437
515472
232057
422546
36270
974119
86236
509589
583175
122103
919398
839949
361133
639492
954864
427203
980967
196083
812715
619294
423113
959688
125681
290608
314078
939210
625031
561900
688433
89347
963442
265654
231736
147684
8754
408403
209182
193413
297952
675263
482732
195017
547679
81438
679571
556128
990466
787594
433432
538598
877882
935051
891868
503144
744506
937188
818055
412167
623273
543754
659409
954102
915779
196272
964716
55454
569805
418941
607953
501280
217971
207071
881254
979514
879551
909369
949641
780291
547832
66616
453756
454480
456405
621827
831341
60473
925852
766929
876640
637174
779356
352788
7099
662882
160323
988691
845102
403746
23517
22101
55933
731871
31146
52985
253483
822702
509594
808675
969028
173201
868519
851153
967304
327255
278863
628107
421743
292702
685741
575033
730845
181369
965299
91150
675300
39852
94662
440738
246960
407572
726774
454750
603795
88484
441561
576337
797294
930762
904515
693407
762488
414832
308195
911640
118510
938078
85949
624295
252375
222396
598655
841633
26547
418869
118083
245757
34048
548792
384864
830051
138664
701336
764717
53981
973706
293267
946196
473834
617251
111472
191630
768561
377945
241281
675776
671315
900388
626632
142706
367769
757529
927478
615656
305164
337876
540751
85919
668900
497922
550505
388645
125592
915401
726738
62357
122196
98836
613457
440174
119625
346878
487109
952784
130334
151450
706731
532370
144516
563549
341499
673858
470759
618665
146033
215802
963520
359990
824553
867227
717255
902367
651939
769001
382534
692807
299303
615235
386057
147238
578306
255165
560882
474740
821422
471196
297577
339440
375311
715117
60080
455373
92890
838146
18516
972794
311888
377994
401407
382220
970536
787916
807467
347147
143563
876608
480561
640022
546297
606730
823807
641075
219721
562068
161448
854519
267917
951046
808726
350670
570260
337189
231770
958824
491081
525637
41252
717953
17528
788012
349262
77770
115697
358789
228242
797817
979397
740925
980124
61290
252205
742526
668219
60208
225610
657798
27825
173629
117768
869859
168169
927209
36635
914573
982984
541282
105451
628640
934492
10417
326028
800564
797297
410277
947238
653019
819970
88926
557876
895478
67405
680503
863016
569844
196159
508433
813163
230824
697679
318393
648897
558342
661863
663477
661323
583483
753084
804912
294758
750054
667774
408063
673841
701942
242987
987727
10157
43617
329087
750638
849149
295485
420998
92530
512524
333951
210129
347721
63885
929039
865415
83295
425630
43844
784019
768678
57542
379137
405179
130693
119645
803563
876369
623711
426379
211334
395586
500542
597928
199339
309835
688028
355907
487912
101900
901134
707454
917556
888181
58637
298710
873677
115548
776803
85057
703024
434929
971055
272048
637876
101065
3860
464756
51268
904854
120836
122557
315447
661240
959844
837309
55054
602668
232861
35114
70089
659554
638143
420131
801126
194989
839825
947562
540983
45972
203961
770192
530975
631749
214596
389550
911593
426665
605971
373903
131268
119251
606691
470251
309087
85138
830583
807182
105949
745573
15332
889752
688181
966862
722041
552541
138793
275775
629897
171564
73569
366321
512854
886317
735908
153940
595675
128996
38194
84641
899062
111186
391872
171019
400496
834490
136336
976147
670506
465985
512685
158267
175591
201326
905984
402066
714160
546322
757074
345966
221224
750785
992223
582456
966892
53182
499347
87201
412262
402485
789796
321139
878319
886113
764811
595010
411614
640078
454048
439425
762098
64121
726609
161200
526039
268883
711678
759603
294168
109412
916340
531007
312482
691916
239301
394413
31921
413093
643649
851121
132954
447813
29779
403364
153331
821024
526841
777533
182114
103434
126753
820446
799425
750489
246045
283786
857195
821481
665987
507829
336934
925113
380644
332724
849325
363122
204327
909396
487256
69448
268801
158022
347754
858233
29330
413047
475831
517107
953183
807422
735536
75090
764008
893487
535245
827527
507110
891085
841493
617044
982627
193948
741389
994163
766645
464083
9467
152599
48472
470128
138965
528330
427367
324710
638667
571381
390967
476274
432494
477182
473808
762635
973691
80588
205513
961528
515720
684006
872895
132411
597002
387641
472178
293931
458881
606392
749948
728735
672128
588894
76654
716486
753308
525263
252360
129876
79217
951644
451669
374615
986124
643429
656161
716328
846968
439321
663128
700604
128232
212825
240829
143002
169214
781819
614467
758695
142710
749163
485131
399773
433778
730219
310395
458714
625122
51258
639607
540757
39311
249939
325695
141675
508933
595660
756133
760216
7259
294367
777961
464641
449376
102790
297459
182061
901668
489855
879916
776340
127968
243503
948601
126928
755395
302947
108309
587696
104729
796721
317641
920044
69978
91517
106891
877426
820813
995352
513713
361886
365207
393218
236240
400137
275236
912
776949
925753
110193
366057
695743
459574
418099
284330
946071
310268
459815
141801
667214
927628
537783
49367
472081
134749
158854
955647
514443
260528
850520
337387
98648
59521
581025
557477
882017
308761
951849
97755
46872
180224
515160
832092
791953
134736
583523
806463
559228
904229
942355
542754
792891
576689
65519
238928
404708
79916
163654
617916
698132
598568
916315
136874
235374
555970
910573
321709
970415
966965
453345
583307
501487
364040
820750
146556
446903
170472
601573
123921
806073
884368
345979
655986
747696
124708
256181
386816
550805
686046
420175
35353
683259
674399
400585
136249
510664
182951
501358
679486
688784
742560
743938
460484
962191
312532
208839
86382
890627
728128
190252
911366
125988
79040
220819
987772
367809
38697
694973
169867
629304
857717
142741
841337
713426
130393
756501
431101
344185
248243
592857
129402
981910
86559
773118
294570
270987
884265
627062
363670
829770
633564
501548
589633
143888
983929
860814
975141
610178
278212
888828
372693
216610
830520
31883
185217
978286
583386
810550
518168
141781
720298
166753
148424
194199
