33609
42898
276447
690849
693380
972460
832883
968823
706229
594666
342018
83820
96155
478615
477857
360713
282356
254006
600862
178757
996992
158612
39960
488556
411037
981126
121835
233131
329489
910725
151107
151354
699815
431586
406482
835302
514288
94759
17692
715066
693930
646028
282863
945033
525759
978963
734065
905947
893988
203201
475410
830642
625954
292473
629984
244087
114290
182198
535736
918662
890944
871332
100378
457171
214354
157532
446934
613175
244098
679611
22819
218971
953127
717661
313487
627711
713746
887867
398224
493160
804596
578398
525112
48164
312477
229951
986759
918075
432479
208830
184474
79604
348689
61050
33602
114497
381103
928531
796400
772360
