141221
195684
886893
684000
48507
912402
924577
980855
997370
915896
580401
358556
680853
127194
406599
952005
877210
911218
729356
489585
52880
406547
111910
68105
426216
958229
503814
762145
412130
8426
573581
9757
839551
76623
453020
510064
92702
997535
121783
657152
53174
469889
636116
670054
251695
652994
508358
869393
473373
320637
425921
665866
168090
569655
627529
214418
256062
611719
23420
925095
767165
998002
933240
86118
892062
811285
474346
414474
823572
28283
174452
24018
958971
671951
233466
342273
730480
982699
970506
514431
919053
780878
922853
851933
829824
76141
279790
355062
199111
512864
851630
842032
520330
734717
448130
237858
921556
610178
622818
734352
