390197
799926
20873
718580
458018
908849
145195
948705
764969
252717
554585
391201
315940
903729
744529
782621
792812
940860
112605
496176
755036
624772
876782
833531
877117
27287
89682
160725
541523
448611
213778
692767
128131
361041
264299
452277
529887
532235
984743
613184
777296
269982
709654
50408
971615
860731
527278
570215
414944
332376
979197
128889
619707
376564
237446
386671
838168
821111
795264
234083
72870
658423
172967
656390
174921
634455
156860
195733
650910
636554
360544
147178
62443
288117
284553
337455
908200
67571
767582
71789
767204
735026
636213
336259
100374
306682
398630
236593
29505
616654
79564
242004
100418
405227
589272
898604
140345
282669
361553
42265
240594
623313
184684
72485
641199
432149
576835
799034
797044
707580
808693
257204
10478
104494
676571
475985
284896
331323
732962
98949
649836
453120
637322
884651
900699
804578
666298
377813
44297
190840
951869
455172
344880
874181
980317
914483
927375
246498
810586
31950
354550
652794
361543
23296
764849
889071
400386
716586
127183
263963
498830
433647
298765
374961
190863
453292
750692
347393
258017
620677
827564
464858
936853
967835
592747
854281
313864
908313
444031
784832
879906
143342
531107
987987
108264
682773
504993
772827
193855
75727
58197
416317
643198
629106
760921
30149
404974
232027
19858
717676
735329
455872
874518
158840
383660
995744
959033
580866
47618
907355
205619
250323
96110
143838
199855
721064
74476
410998
576754
273813
285349
310598
659622
821126
485062
259732
875971
173408
676412
317821
116569
314693
525006
511241
249916
663159
722838
626201
624332
101076
180381
745277
900319
960831
745874
368290
956301
454368
126631
261672
27673
971841
260809
304018
789175
883993
184889
798679
14334
947046
637964
273621
449004
90611
710011
248869
718672
370937
265576
716169
543000
171554
639342
251330
803703
635560
136739
574719
97651
791388
754477
205807
476936
852931
792830
80567
350332
657051
290925
174911
802304
419579
340914
330599
822208
27160
269502
345304
708680
939684
420021
516853
42834
692432
790793
882735
943536
202866
257332
554488
33106
802499
978577
641487
831989
185215
874328
89530
997353
188847
973364
530834
838397
254787
217475
37944
947720
378712
347497
478885
925783
347738
537809
926560
361774
728707
91394
428552
94013
380482
88473
224465
4705
127990
124713
57740
44563
478809
651436
281374
419313
816186
433508
209746
110055
383842
852434
683787
676794
619801
95826
11282
9905
643969
426961
368398
503712
187871
785325
781585
890322
711482
561703
942990
239122
591068
43463
587433
746070
9845
695565
869287
206601
48543
353615
845765
532403
644349
822196
876260
26055
224444
160203
141537
745226
296059
593097
812611
31323
281159
94813
781774
838051
438079
554226
209716
762841
611671
876544
197931
340658
977527
489167
884250
198308
107011
103498
363436
154646
553270
22908
895687
344998
51815
158825
856215
311510
879214
114315
907396
341524
961184
325736
807490
959268
347509
563980
72902
844524
966731
202921
319830
43035
676291
285255
480569
346679
761481
569577
530766
874051
948658
418814
43385
792265
47358
902209
835704
703945
363452
277102
254355
779838
306701
244576
209394
333449
390336
970188
920584
969917
416669
633556
113453
373958
268286
213321
904138
193270
953174
511744
323822
981102
183509
410511
408765
921061
99300
991077
836487
128728
675915
715075
243383
688334
720243
206939
557602
209671
303557
392259
659071
509376
743728
465814
173430
84134
636362
759015
374673
829461
846222
804323
426511
114123
450052
74370
633047
638766
759678
639146
349706
985398
378110
955936
64881
325176
203701
975659
829525
79056
522470
215943
464622
852523
525737
204739
256563
52142
771980
908472
16208
919623
435668
557670
58294
528718
427233
407404
960460
275671
538991
586531
219331
439383
167225
954904
895879
332207
381368
970341
312913
802138
548296
185131
118681
300912
936172
13166
160361
479956
309032
829901
250637
175937
231692
91164
388007
391147
640401
639520
965919
897109
549020
976422
216503
32239
426975
389184
67260
426985
84575
690141
965912
212824
219024
644548
948997
395139
181532
290349
461340
873164
108930
23612
174091
575734
918491
950363
308325
706647
111481
453106
890324
371867
333736
485894
926313
431154
602518
618795
953940
642839
298255
855399
41391
711870
756128
364453
739828
32666
546781
499539
953039
991752
893503
656473
527183
834267
671141
95669
730934
951557
270395
302711
783151
200350
401208
870934
107103
634388
239361
859374
9684
924208
989227
500503
70170
886016
812638
16227
764396
471015
627157
58675
394760
167357
412801
881142
923
718116
414413
716928
405852
791336
156989
994883
769013
419154
107119
183852
943963
348682
199172
472284
328639
688230
427224
622081
206620
182035
427884
229969
819121
88990
906405
290723
90825
336352
889645
143530
234613
97668
641464
284942
548892
338870
302433
564328
408937
428906
592114
117466
643938
855302
88643
433993
933273
159854
387641
229369
933179
959274
721968
270275
510917
713141
848435
44661
198807
79652
221096
220294
84001
258480
854345
65396
91386
760291
31949
893884
963599
382171
103461
825462
507192
15358
414306
537226
105382
353083
781619
178835
512761
211576
660428
875790
702894
473310
171875
154110
770165
25533
136532
597408
195873
147932
466277
484166
319801
806625
799843
983635
104107
363801
985003
418578
470688
796453
401349
287731
894443
694914
200554
214754
381851
118643
42278
135173
572847
837901
88984
468499
716073
906335
498199
29708
689403
717243
293039
20440
6814
45797
43977
94656
524738
360280
371560
453315
251744
389551
571087
820246
185387
295415
371585
794044
389604
783118
525536
592253
633933
792695
374647
689158
342133
298302
623763
154076
209330
198786
506124
271358
514029
765732
556193
476503
35927
792587
747841
612829
872890
363537
917030
222665
492778
958605
43868
698803
265050
829821
941536
773129
368138
388688
752547
392428
906398
982606
849454
636455
733067
60517
338527
158924
771690
996049
404881
452973
10159
452518
982874
929396
590387
409981
388654
297632
765357
741369
334880
916764
28415
576245
483209
556925
985452
211468
758593
726872
229928
153028
788170
307070
971656
379351
572429
792086
942617
553696
759036
738773
406220
2527
941526
2844
622286
191017
39177
765037
884278
285871
925745
309451
277720
228712
960126
33902
50551
186910
241653
846560
781591
695762
220621
443959
786287
277197
714105
471087
283261
919749
846213
434596
80948
329960
473434
956776
574481
712008
866588
352903
269836
216354
716594
31893
157865
486284
633189
978287
431405
628539
21409
51159
815406
701422
485210
561062
2436
488507
761416
379693
656283
9332
877394
802156
613930
562934
946313
841710
790206
215565
769611
361855
567408
276743
363656
707340
852149
784788
763233
906581
50004
850134
85420
178449
596594
147275
435540
762846
854025
826964
396894
805218
436471
321762
458566
815748
583219
293436
771143
743297
659162
280239
458554
634347
572712
598034
825430
902596
756290
