953306
871439
953896
662941
865399
718162
357504
682356
856751
268914
152018
457004
698721
814665
99394
858223
689514
742069
778056
39005
249299
507753
396014
903785
296491
933197
429304
456785
196976
377491
29213
574776
953383
438616
324788
379745
458123
189618
238314
791434
342114
709596
915631
178147
61354
283003
203697
47017
820275
104268
341121
11940
991238
126381
36049
640825
603267
249092
91230
309932
359817
322000
24043
801847
201997
447882
975779
483391
759502
668087
219744
607033
534751
170381
689353
329881
165795
331775
860885
286706
819031
676711
796591
291695
240841
577808
546034
265708
479143
89309
856211
22258
752242
376088
458078
654733
661138
202651
446233
667660
874690
115157
333701
973013
327147
126329
346434
131810
33807
905929
582098
625436
605532
332219
562870
766930
895393
341701
245684
81110
926108
351818
299706
430132
827313
824737
546204
647888
817016
224574
848698
912475
2669
592575
15613
675121
656267
911317
629632
530771
313138
102925
476043
798332
792004
193530
203834
761314
974608
674817
636092
244490
661478
254401
665143
20040
722058
450588
302089
708050
543491
477799
295658
329024
363091
289258
789357
409059
59328
310804
399077
334527
306577
853310
244068
786406
269077
911706
412191
258290
86236
749368
720877
658398
32137
550388
758766
210433
912191
189056
710792
554729
133369
198922
424013
654032
217846
431945
914809
482878
996433
643241
929687
655546
916718
440209
220482
581422
19793
192205
477833
744022
824585
193117
415596
244004
337609
849241
52355
683764
496854
624063
843326
510375
592220
878235
791815
585950
565660
795538
92676
806229
158592
529802
901816
570201
993552
17785
193033
898535
910460
957641
113820
246819
876505
67365
434396
405106
918249
365539
644442
837556
913683
255566
531087
711009
132785
813966
438140
672191
578568
64374
99250
359229
993555
185451
670382
310064
48696
419564
301340
931367
775004
987137
185596
380268
60306
534084
42914
613722
906990
27526
658327
703894
153080
25952
178461
230187
866492
432280
315216
685446
195071
276844
413032
882763
511372
202110
227227
799441
274347
965723
748192
87553
214515
577897
765133
99206
555767
26349
673954
349681
909724
595831
720606
20653
17291
683627
520847
988953
244609
533100
883688
518343
357059
153638
287626
433937
980719
49400
794789
241363
26990
691069
457976
315784
17350
101622
186420
8452
1676
624277
278590
612747
898295
239848
589076
738445
264207
372768
488135
291711
212867
432510
96486
18135
566938
476633
430971
261092
552130
453006
694767
951687
99461
924804
646088
380626
614553
779354
393171
286267
915286
417904
736285
690620
835906
960783
795739
195659
475848
92982
79017
435505
501256
932866
931375
307018
924999
384121
32
576664
353735
588723
331740
339779
6834
323685
335478
245169
574064
736715
738831
807742
881176
657329
451361
212056
162306
635871
373784
729210
99003
319711
759002
76035
339858
156780
508328
656946
68751
134905
685468
551489
317699
605082
549906
71899
413499
289683
816867
852410
359182
244860
46093
719393
578390
177229
877678
259635
11387
745740
148719
953391
792299
592656
483710
183433
80934
954096
75699
268325
592501
984974
275284
788722
126330
347193
457588
962913
155811
873731
892598
47169
511352
339937
831279
795449
675092
353912
425897
316705
255857
337418
178884
572541
592604
199548
696824
591254
861511
878403
195701
152247
368893
271403
177643
437441
372528
121732
141222
403563
569454
449513
227665
962138
515442
530158
42971
892505
848919
173221
168118
372085
251624
670477
694716
567480
158930
762520
404268
298752
721275
801944
249619
367547
350699
772357
324550
367617
290856
499629
461579
195917
568993
938744
484376
446361
671104
946775
579955
826134
838370
412745
925112
244485
441955
549770
572921
242805
417426
599704
772096
850009
597444
812643
593263
361413
660100
823376
845385
984773
702952
741674
157705
309914
326462
937318
949744
957842
712038
66321
807068
123843
201657
967576
249044
97379
144999
824947
87392
582535
832927
858607
251541
884598
487527
487896
744751
762922
419851
964479
859670
7906
598962
778157
33091
15399
87692
65892
11900
629401
816871
844046
850363
716340
844961
577797
657965
206309
299192
609278
449750
754051
114301
908371
358609
797804
809191
515883
379125
567549
610308
670599
556052
985197
900618
196972
449565
549702
71308
64745
678305
86081
917000
33092
922867
374334
421661
993861
380264
883933
744858
279710
724733
632956
382833
85557
333656
154125
509770
340816
616935
552594
766452
383900
4965
256632
762230
367514
968827
128014
538180
949543
812163
632032
363341
751334
331559
83636
566385
863820
350888
657504
980048
418247
535227
927174
905214
117068
4557
46830
340178
475836
636008
920062
282525
113074
741165
105368
249528
605739
170881
456592
943543
845970
57797
607177
955450
783016
162109
231211
869217
25741
37650
55042
99743
763501
593074
321974
805928
27402
46229
341603
460228
905249
864603
72340
425862
47100
981841
388705
425621
958676
750931
523362
292265
597856
451531
47951
813202
226174
997655
762230
717426
234557
231881
840151
594827
619909
633992
675167
180723
75875
411027
898944
77540
219829
144934
360617
507376
539758
163637
390503
233041
415623
760469
22168
413279
341571
558010
230407
512730
809436
864411
17257
844647
516111
636466
626611
752664
564545
498399
233238
451108
178189
737260
792
483254
710635
478059
835280
761248
657662
180668
571454
560880
902330
512363
538053
698779
402991
971894
223045
679382
38263
309420
703961
911108
700920
287408
490666
630026
807831
296221
512110
407358
70522
830468
919425
252157
777655
255504
903646
446683
648094
326987
638906
330038
87391
826361
751741
599075
807898
926754
518237
361290
461506
607021
934489
627790
905260
387240
610256
464100
335482
619493
68027
492549
179998
639166
657869
28926
362381
941432
571430
11685
421315
587205
965486
312614
553388
291427
52308
516795
435062
942307
189731
245498
414577
32068
364670
846216
257375
422910
705720
688555
573534
838938
31186
971326
852143
885118
250834
256765
498978
405063
656956
642432
469024
951695
261872
198341
747540
417550
554592
103910
815479
324124
514283
203753
268472
425364
46043
486518
669124
793620
605560
453091
416375
30114
431367
594411
448223
540905
335266
459454
85608
89185
458293
776562
797290
694412
212818
100823
682636
804380
8434
474471
737811
799794
152073
197212
122699
695041
248900
653148
172880
43281
195426
133584
843257
336352
286316
827730
472546
158242
281427
236869
192597
828905
942180
485694
262933
675297
818282
376223
162758
166642
792544
623941
238332
164168
340305
576215
200286
191919
579918
137919
401974
250071
295947
960181
283353
575735
194711
28215
314925
880078
495479
624597
74396
219077
902238
403624
22484
88945
214154
110691
530360
441780
153021
960449
44262
322691
645590
124510
425061
504450
521741
241506
152747
955211
54600
54232
151049
801229
397532
86108
990388
819793
864355
3507
751089
239512
122614
942005
286492
721505
649031
