201458
879614
255804
792813
445450
583847
489885
921114
397027
546135
266020
730755
224767
225670
129577
998116
346096
146770
201064
629065
473715
978069
416753
998955
539111
51215
829042
159668
569832
875522
704095
739871
634252
155549
770555
649851
970233
498000
506502
709774
89697
546366
24131
224406
194972
188113
726117
413739
459041
823847
256277
969152
847648
775721
528867
334216
350398
199357
646534
972725
942125
384977
534161
920347
355495
409816
617909
878388
968
138898
565229
536060
650758
712451
356170
15549
805198
918661
802395
197093
948603
858489
228408
242130
430197
54297
2347
413872
739492
736297
39996
183034
228496
801484
656600
655196
339543
998195
681309
734457
