653087
265402
958540
234958
5262
579761
861412
954306
92089
831268
678529
219172
768264
99300
310998
206352
953492
124284
745746
363179
175178
377714
395604
388969
860583
608476
627326
393912
896291
346203
632354
838540
887210
517369
118746
992328
543813
369115
500084
192646
223896
242274
629705
90115
648900
504612
946543
611434
772524
392514
612036
134331
868117
815014
45163
636824
155943
38812
978259
249900
361232
663753
236275
438968
922120
116684
584530
308347
305583
846703
510018
151614
699666
604873
400749
902329
580812
184308
712839
754405
157769
374503
877475
748895
666470
775215
979426
4470
971636
186831
949573
375505
379036
659312
752548
597696
573596
13830
639352
270877
