672189
422397
109939
715032
858177
401147
919374
129516
491966
493287
930633
988894
700228
646499
903433
930616
645453
42342
99819
107877
458716
126006
688241
735796
856511
150018
98774
957260
447731
384542
526402
977901
362982
149275
232665
936670
175895
184002
964717
837369
13145
199533
750996
370895
425399
63235
23765
523577
377522
511502
945852
609916
590118
425211
174349
260632
633419
361965
868053
797422
934550
695166
457243
720907
291007
333715
57462
185685
135966
827866
179384
440848
320623
565731
102728
541390
133620
114904
106126
559089
577338
660186
616455
824862
583539
909370
857272
904000
614594
920081
927807
142454
452886
202621
395524
381210
398510
116280
638351
374767
