248984
600257
545647
285099
800357
55323
165454
136607
505429
369629
689852
162369
377129
317761
530457
406547
774293
496443
620396
921367
289883
555147
959769
730801
969476
983538
498014
665066
433214
902401
661833
878801
593293
681292
37754
291004
3951
958590
605072
371948
414097
230726
689523
914190
581735
579631
175998
125790
846060
307214
806151
546406
413366
240148
550860
962725
763636
498819
375291
55691
695560
554174
748446
339487
63163
529593
197857
976195
686049
191119
979841
484944
339402
372722
805651
235483
510498
316732
785070
673497
222822
934628
227575
117535
474243
716749
16391
843201
296333
83001
823419
39964
774424
649947
857751
296624
293175
687818
18711
614565
407439
461393
855764
207982
510295
981091
721104
680075
124846
831788
217886
312104
86552
491330
244336
133667
101526
492794
544127
292011
305698
114072
742673
377668
944324
228766
556842
248231
149332
407557
576849
131653
986957
26186
395901
217388
793481
6239
752477
891395
379486
963650
13569
442287
347285
189611
526120
111192
573636
46687
651110
116422
369223
11106
249778
709733
482143
715785
307466
314407
808038
336109
211139
483144
837422
43068
872112
479981
177590
180969
575086
328550
367368
793092
640459
849810
818610
220132
448401
313826
833055
962624
136818
170806
638481
661405
450577
562531
736061
275682
20907
420310
787138
186119
796704
269650
25607
636396
106082
275669
99249
587078
286009
566041
653375
562932
689456
711030
608578
451695
618015
556964
121723
944544
509462
873886
482899
267660
938019
443875
934001
865770
132481
174102
645052
319190
150365
649734
987373
647518
705349
997639
352911
22329
579696
941631
603990
717847
817636
746045
591769
79442
525064
344707
985902
672644
954310
661924
908321
29940
822684
445512
695440
567144
460736
665357
213734
828702
753454
5576
352370
614805
744975
308457
973411
367494
228935
908669
422051
707568
569499
195916
129484
446929
390014
917858
130699
440496
193399
766827
433680
404311
874160
649911
282735
811743
298845
540190
754454
281891
769670
521341
940267
470614
793267
975646
22402
982705
194740
573046
595704
680837
366730
333063
936495
110958
202549
281766
800678
249192
534427
446551
258803
39675
358482
978132
490400
207570
512714
447789
909024
215850
380314
965129
382892
984422
350437
932362
511039
293183
623337
15
666922
753432
571812
344787
646868
335023
857507
145138
173650
649391
778344
89484
308575
193123
273847
227522
339320
776198
583869
214622
410327
390902
316446
252815
434249
824774
180377
213777
226542
633202
890330
771051
832461
938030
589341
299026
559057
341847
449849
707883
927717
942283
185297
189358
182695
627284
896850
681318
408907
402879
175401
520852
621007
732491
322885
346291
873750
47293
408196
602199
466084
697681
982909
277871
282613
164490
8489
803369
14650
674410
313902
425332
559857
193854
946441
645089
465439
796881
308760
326307
359725
633537
413762
722677
445917
612206
655620
482651
97319
488910
707096
500736
517940
702941
60035
135678
601334
707250
430332
491581
21794
87149
188916
235954
41291
738893
165063
643721
842908
837406
519741
740510
773938
168015
438908
78756
843796
399073
805390
90600
301712
686268
120203
646512
304691
802268
768931
13437
224292
761640
205514
72560
963229
676451
449024
569225
158983
269371
859900
704778
645682
293951
252980
425402
88110
216558
539468
835141
941640
539306
411288
103233
422116
798476
4432
470667
806388
530769
223183
550672
474642
368817
340424
108712
130752
606736
721158
980508
