280612
929721
198193
19303
178931
667077
167176
242023
235176
759958
652090
697411
253819
797725
588729
366902
205961
724506
790912
153981
495176
486804
741409
8863
794213
468898
623209
892302
521916
726695
999409
231334
12915
516251
327044
349778
456692
323267
792680
995470
34757
891011
463691
503750
929157
983818
606475
207261
86597
738219
240674
517387
786432
186892
540461
914910
424505
960439
449431
756257
499056
353934
507494
917146
302464
617371
897122
715884
559512
632965
85917
791837
520852
874975
918180
400690
281719
257435
195329
574839
652487
388124
902953
92891
519877
974633
915529
758711
368584
743997
442728
533487
312437
752123
271288
729649
455197
653630
414783
738587
786419
483791
851165
87865
400040
663856
543033
233772
651557
552021
429324
162790
431716
348594
419593
192017
548204
957295
668072
542927
748071
463033
342030
68380
857441
915634
142683
716816
702687
46792
666703
339841
147098
969123
571225
880134
949271
590008
702398
182550
573092
120123
871715
546062
246385
874545
416887
802257
536456
764195
878847
939338
493418
284591
474495
349837
156552
984888
835266
826843
163803
351613
365191
706308
739616
372679
747272
217191
3827
58172
847143
218837
842887
977
873464
386196
549184
195293
357349
552319
358829
773128
740354
202251
409893
103842
460718
348836
305917
689872
447778
539189
184419
314529
801945
658887
761818
843326
237660
786177
376722
599872
983337
438925
104035
424476
400831
858651
786918
59065
689097
339647
222064
734435
161060
412854
193068
752983
943887
51846
652820
404734
551086
262019
967436
404855
88571
104493
152923
567373
402954
348471
418630
737672
322999
749987
630475
919135
493614
135688
630903
202699
936534
943798
198756
926966
595803
894448
259539
603474
150102
948248
135201
973511
31452
983144
162601
593028
954592
148380
483255
729207
831685
86318
558308
179095
349508
495865
660627
741982
383287
895551
848774
390229
284864
367494
519966
326151
811480
56733
43501
721687
858168
582780
466554
81518
660829
589257
517712
215820
713980
615735
957827
453056
257858
831177
885440
434866
483526
887989
865552
241374
594638
567075
912361
540187
105915
32724
630577
271257
748114
443680
657616
836138
167847
980247
999216
495991
488872
438665
783956
604947
43907
972194
635346
951340
608245
366573
197614
635997
98160
924729
980885
345505
223657
116953
763315
741923
879675
351684
102065
79345
347899
145053
470670
21646
324761
298766
818585
819686
249391
249485
453704
671836
193641
202689
375545
719552
306834
965501
122434
356956
298167
664938
475190
500205
813369
441604
863863
7791
606197
538299
340723
191121
28680
411513
16829
580616
663873
740803
130184
597376
686631
77817
366914
452012
423907
318135
289355
3134
61900
453278
220112
121331
852173
310061
898440
379590
275125
367112
339915
783556
129563
761883
571530
910655
27308
731480
919791
124892
707731
307228
394002
869896
26819
611375
568212
442119
745572
944362
80924
696429
8343
668467
193900
913573
470696
320292
299615
849774
505935
319179
507393
292774
435875
704906
133835
415359
34588
431709
115833
887438
932355
678331
555466
728258
689656
716630
130708
380209
85024
284157
925185
964558
398057
802081
466538
824183
884347
306613
808078
836267
502204
953966
909166
639385
863296
397482
634441
974291
536588
386797
444591
267297
73413
937862
736260
249906
145082
686928
197780
563950
101707
677908
622797
526311
998388
782028
479005
831789
489849
858754
251369
477120
136816
622487
767911
580768
769766
808800
