845769
971248
580869
120392
132772
321897
440172
413721
627559
732968
460799
978422
830997
955598
738307
434917
66440
602535
47935
495497
177582
306137
722120
190951
815525
34103
942631
132039
508591
375027
752168
795377
364370
158703
259266
487318
230159
338804
43870
417297
314236
59388
254982
726658
870208
650857
25643
493274
717675
988057
956434
679990
260016
312273
313693
684898
262463
163670
318386
621694
180291
984090
732298
211774
990901
141780
257496
346315
988699
159976
357459
188743
642273
211398
299874
327853
227986
501135
765284
676503
425395
992881
671897
987546
804924
435475
169840
15308
924916
839596
863661
162278
97384
216687
398134
822404
299975
170208
445435
749321
183133
373130
663552
762719
148138
909641
856585
744988
148511
885954
185569
645824
689460
325235
115078
901403
392744
296613
201780
352203
522838
748158
674700
113827
977393
41011
311969
684264
537756
374938
337568
185077
646825
530653
716953
539518
2667
968395
781166
951921
132153
129160
204503
159096
714882
872741
900879
448219
441288
162442
410142
400899
270779
50704
912708
70554
422323
920747
262271
981837
81864
859973
887801
335731
236817
549926
59730
207559
508472
698958
284741
743057
111223
584485
162169
662756
909297
780937
256998
164480
41839
377799
708130
868631
534197
89574
714504
225389
152193
117532
432771
671768
317215
399268
741948
302951
881772
318503
464350
255007
641509
608279
655618
669985
16682
106715
760380
457383
699989
909668
918337
985069
428913
291807
612852
587436
498969
580291
674443
575809
49519
766282
2530
121133
87861
539004
402268
78069
938251
122086
246706
459498
411333
683690
874522
304771
26728
617584
343828
793190
895938
827386
706259
697734
661987
943190
488135
773477
817916
907948
868355
516539
272914
334391
474768
30191
950302
853969
366029
932674
22340
859110
354369
516043
200110
521930
446527
277404
624581
442791
257653
441028
558732
470735
501841
672558
908184
821360
524687
426279
884976
40677
768868
887997
436349
722985
567488
217922
68205
642022
208836
471472
920683
300140
742976
126695
887603
76989
387751
574481
207316
129284
30162
258726
967558
538278
969389
739083
485989
124978
820802
576982
988298
30962
833568
313516
472004
366499
669351
273804
908600
674560
641971
671012
493202
911866
11491
228385
53031
186821
814277
62980
249193
197196
795488
781999
289286
418693
223005
371136
575325
906974
684050
931220
123677
552278
435500
992301
591484
974313
471801
105070
965009
999524
900048
162435
753360
111446
874653
133469
766687
784295
136781
307995
885209
953794
279762
679876
179102
402158
596243
404849
590548
520827
820
910088
752319
605335
368381
911970
767097
819776
617385
735758
478286
284051
168077
369263
292918
470980
894307
873856
654639
403367
471859
713656
434679
431402
288861
849161
569891
426213
34693
613442
670751
51402
957659
281940
55427
357751
406726
287921
24078
991403
975276
615696
988161
78868
986016
987342
531418
130310
498857
908782
69548
689608
11883
212737
90327
681673
112501
857057
941226
490352
493542
364247
963793
498001
117884
414300
329340
826299
309883
618493
638415
322286
547446
115863
46015
753130
496508
188994
244752
898338
261602
101578
789288
434895
807786
573785
383886
612066
913549
441072
326149
932113
376298
99796
478591
843859
46219
763781
713984
503270
299216
483305
596560
863437
452986
50056
143900
932760
670102
300144
918442
628059
16259
994681
50615
551041
830498
577059
817200
531513
99098
487899
732169
946766
142021
901149
