277786
173007
457404
758665
732285
513148
264991
704049
911340
171620
301423
818827
470915
922959
917993
623224
852560
481935
305047
436357
293160
983822
637234
257229
792164
322881
866033
913917
16828
914681
92018
638256
881917
58328
163268
873784
192426
414112
828303
392574
673133
599847
888289
951169
897400
224743
520597
522298
109181
850290
804386
464288
364038
737666
843517
455239
482673
244526
444012
296868
941964
326393
688873
103787
909449
521733
803822
12185
793374
54309
544291
653646
745660
427600
359586
160018
389609
671089
635235
337784
672316
751962
43785
553184
674229
214617
333960
880982
337590
176483
122097
159447
484130
704045
981083
885620
284817
862042
278000
891728
509229
988815
474321
688131
305324
716898
280103
421985
984362
793968
890503
61589
223010
744333
319745
988710
248200
824790
843846
762652
643206
548579
525491
682491
174930
543001
653758
675118
96297
942492
893884
596352
932458
31329
368460
426755
6353
759905
158052
668947
160398
369833
400886
618740
90945
894479
424254
106712
132309
133183
997803
54526
926326
611187
126695
985204
96688
959361
930181
315517
218854
764174
415046
595853
780011
172128
166984
244913
834560
731345
541708
836555
590251
180960
416034
585339
821488
132322
948787
608410
969455
311638
391275
7008
69785
666837
913921
879589
889616
621288
239076
720196
166171
779636
963011
373724
910018
195728
191929
372464
112844
934775
567700
890862
227155
650329
895873
520589
6337
443788
249941
903631
184169
324960
324154
949734
770756
864719
963828
604723
612102
235475
489295
988521
880988
204818
739687
757712
270789
125621
632787
354790
524170
449942
251823
91232
919771
549719
531333
138382
341640
606160
367576
347804
840088
651488
379340
800628
403786
554597
78645
537409
705382
781510
366714
199439
918142
325869
122278
145870
360390
885074
493323
594358
155469
374003
100691
551492
231127
646752
76452
707426
367961
730738
375663
990628
911633
254172
366038
108143
808383
883481
98679
588340
974851
72453
525978
239130
918740
484168
159923
115194
487706
301357
61459
394500
140778
431120
367794
619134
399835
294326
60689
258221
568521
896759
169295
382028
293478
151510
42570
499321
128504
886321
893680
385327
61299
710483
935265
404526
927987
56231
762946
409399
223957
391432
709473
763571
292595
208627
375680
552756
891067
991710
976128
502227
116588
559906
815212
693559
256940
140883
105822
693751
864008
270384
964178
978519
961480
852406
566853
491823
265774
464655
457353
178474
106636
343912
733608
492393
397887
826976
769970
403079
671563
437083
132326
557880
883028
52087
822137
27914
160503
285270
156421
374286
588483
373530
819793
299984
71319
337520
789753
177217
528345
314754
766522
211830
435792
364240
556700
155593
953247
589081
421244
355741
74399
551731
247669
388800
707480
855802
458283
560233
58203
290725
283380
492832
329982
587252
836706
857853
180341
108998
42737
398984
77321
78599
674506
874175
937208
797894
2930
451639
499306
194276
775122
179546
387787
381224
512163
81551
896969
486128
374197
220343
13100
425218
657181
47378
199884
117121
990201
890498
668596
546683
209441
31784
372370
773919
167468
616747
34263
920588
321116
172439
41457
415300
817511
652833
451874
615423
321315
802889
922749
598236
403597
272216
988477
681074
291381
941257
102914
109893
582730
886084
942249
609749
371966
496901
725830
804880
922133
609499
790465
719079
796496
805965
971722
209085
488048
128023
528634
952764
775785
112914
959048
349698
734949
114225
