368546
957714
636854
34415
47696
869495
164592
67193
76622
902380
547213
979276
716316
156830
843999
428934
160631
130656
147758
476779
441459
326075
310047
84235
411442
199324
784703
724543
334782
540012
785327
284754
374089
616765
810731
13564
173566
703583
235192
254408
194691
999507
61162
865496
334670
483927
406607
572479
28897
702240
136380
151692
135587
835622
382322
279078
368796
185561
826604
662867
817869
863025
181895
263827
991914
996899
841998
913129
177589
845103
464545
823993
796409
304470
983170
122508
913439
226665
208637
864113
411248
727229
28145
636159
431783
441467
269502
173941
766450
570196
512525
256450
355397
556561
858166
407136
816091
863944
125907
132762
314827
751850
775455
928879
370371
864122
251017
169103
269667
55832
847579
289730
514424
723068
450754
776168
60627
157438
409657
751899
107333
324177
786198
36656
898042
229200
452721
718877
588720
648624
422637
825844
950418
51990
561124
344653
424693
239106
489587
49410
962990
770280
86303
284308
190925
961567
768418
691372
892283
899123
886806
245819
483628
711381
211773
584770
698944
871794
892010
654958
949756
8480
802448
642139
389535
410677
944998
206521
441508
841394
847539
30028
890708
961757
778299
104973
867973
465452
745094
530030
69938
539421
822345
996475
217272
114979
391732
264476
980779
765434
408471
707575
206035
629083
236978
192114
328070
242700
95511
136598
544291
946575
886334
354255
491560
346746
574181
29840
850225
500646
143010
849235
347470
968449
921222
153662
313151
605695
595504
753441
820814
90861
145387
522972
959434
908262
284165
516894
738203
718622
50157
790791
685255
671772
60295
117295
849088
23492
151248
764736
385255
84114
900201
969790
954913
710307
620354
151464
74324
215789
726116
213942
486335
784911
221146
745153
819636
108547
968381
861634
505522
649648
463643
246962
512867
464797
765380
684113
691118
330623
806064
806531
168186
503795
759696
407316
668161
897031
326383
281244
948172
824114
817669
458814
602512
902180
27417
621706
230757
843576
434063
167106
624927
215047
512533
361722
341195
820566
593446
359065
485064
663663
602810
596092
380159
788685
59466
278009
53632
734000
902851
816768
149050
812305
870855
462110
58071
289136
954010
786523
611506
836489
983855
988612
540534
19237
142224
837699
250324
894284
475364
885610
847584
442199
851936
947982
911241
256420
974029
362384
851763
35108
83185
622583
60915
848398
997277
414137
808806
698038
282258
673817
609198
757560
668241
362026
397194
475086
372286
455665
190481
760130
774896
394024
17355
420477
177304
851551
437292
396541
335051
143677
921006
504101
845677
732773
285642
408878
574780
415540
549714
344123
537782
756198
471086
170315
161576
195288
788849
549576
754837
919016
446167
730236
526143
211896
223965
697699
299156
130514
713981
60187
419960
889765
935109
249208
1707
27438
504019
362740
293335
839666
670511
869891
77177
414055
209413
622277
26089
829043
163773
417429
564231
797708
391417
671998
203524
860990
538155
718926
52746
343115
920976
240194
417673
775148
189964
560288
778656
297782
47843
490212
924516
948440
498001
72786
486927
498177
367432
909610
105672
802590
144900
280890
237898
731713
703180
483789
282484
178525
748998
714049
57390
57134
379895
223031
247858
144565
65623
206691
295934
23393
186573
834563
654485
889097
18060
719852
896108
556374
513737
322879
496952
821694
376216
195579
679313
21355
349474
503596
103811
43066
526213
741826
39410
496286
551368
978300
573671
136805
