247484
172180
674235
51507
676321
309054
110009
728475
91558
773709
994029
415622
804780
314915
988128
267069
347327
959990
231360
837279
594287
953119
478025
324357
367951
950866
742160
455110
267338
713768
888300
842582
991453
890648
279233
963977
761716
259909
614634
74870
732005
564337
381570
62390
536195
247567
103056
752716
576288
44981
738189
9310
914403
545264
557394
450337
579137
478066
337954
304532
327707
348582
70034
912163
128116
2468
622161
284715
133006
141824
177048
727709
140256
14781
412079
195132
265269
652511
374744
447808
185507
831646
554076
99997
617319
436278
385201
467741
6810
796
94469
911146
326354
199627
743018
887208
282584
231163
313438
871487
861121
899571
905589
49462
8747
90358
516581
804218
218902
582681
867822
298943
335004
816820
771812
964478
501134
970295
75611
530460
349677
931156
786541
950955
483778
617754
877930
128457
271898
995682
723357
162406
970722
999138
538999
561124
963803
465758
564315
282647
736249
737343
355781
853355
539230
811580
478999
336869
162990
823733
430594
265090
355214
737822
915277
297083
872446
652632
748165
747370
330704
173851
702146
462214
819141
439952
648977
941387
174979
984956
71555
134773
689908
578902
139025
749610
429885
170297
645418
519543
359641
466356
501276
53043
891282
154687
496410
862144
293788
541769
453488
404719
974030
945068
844608
273795
681277
354946
541367
674318
131639
955921
812178
322360
94105
407585
967751
194143
601614
551599
687505
79768
961252
204986
235163
446546
408716
480762
703048
399771
442030
773616
354013
384189
650343
806873
400908
991616
184160
711356
990238
923859
936140
152803
669883
87877
485117
37734
262425
583726
478628
175074
353663
73515
109411
42249
729077
453445
438609
171027
653706
915955
64009
361555
221762
748214
900911
88996
542618
509602
849345
501250
219640
409661
182485
169269
892148
644032
972341
882919
857341
630138
747859
577175
450217
440148
870251
732454
731485
439535
513268
100303
891221
392361
693250
691956
433361
801535
891195
190355
496925
772685
681203
261719
489339
575152
162279
159179
233006
177036
996179
257129
205286
696169
845744
313809
273731
728056
255310
488981
587015
997812
736329
921841
137757
86756
27179
164888
651392
735101
383134
444329
134218
759139
215884
888576
222554
306000
910869
764905
883104
650702
821996
52080
909064
953950
44238
743892
818560
572923
221152
19610
77544
337144
580325
746109
838805
857990
329561
278083
128642
414162
726636
576170
489236
308491
67102
263362
574152
744577
580787
400276
739516
669545
224532
499776
877655
983549
976002
759589
952405
88704
873207
147960
25586
703263
13275
397943
270706
322803
927008
150712
664523
412131
546682
239643
88433
511015
677886
402782
508156
334695
269846
917391
659063
397441
875679
376604
776519
546730
824223
499398
556406
880428
295526
344628
957787
802829
238272
895780
535272
684368
861523
359612
406416
286741
162204
309311
858066
811995
791168
159835
479207
27750
627474
980895
338820
182460
922720
5257
939020
833673
984314
138749
313110
551458
101121
164562
47062
710758
794791
123719
601578
392641
989960
797075
499395
422090
700580
88538
740398
259340
740793
545467
459838
424802
948409
309766
761880
171835
884397
371147
800923
884862
873894
565326
975338
250823
993755
790358
369559
362382
305700
692965
816621
861993
821266
324737
64538
760168
231336
887601
956023
15006
43130
700036
88054
341695
913825
724682
819367
182181
541209
683814
214247
969581
181943
197307
152101
845822
