115721
416388
701906
979817
553292
963392
914085
118764
767940
383626
862088
549201
308028
517510
941602
329908
194650
870840
807874
826465
950622
448430
981348
461723
823415
150942
735139
237690
749890
555530
222588
36588
439776
673439
51515
50460
201010
803550
328453
571503
684340
47473
61185
981483
496627
23135
901027
978866
286444
490395
999381
821804
303555
342711
45892
322244
627868
484790
791109
164489
473626
207486
603683
546868
365298
508652
210823
854153
811499
896322
785218
965846
302836
385020
949177
782616
181281
11904
97389
544573
341060
424307
69029
541445
980260
816232
518779
663042
534429
301107
436737
916030
804756
785372
341774
936635
456724
458799
11880
895317
157514
495600
549263
207364
858713
298285
812900
788350
520091
58283
725685
194297
498997
221762
143910
458894
638038
120133
136764
201081
582028
185049
825225
893053
658307
375975
410928
360100
288090
26028
702996
530916
83875
48749
400289
885406
260087
767944
890358
505535
580148
801958
42670
305609
411157
502925
177226
395628
245420
445522
374332
822094
977022
133227
882899
260778
148603
148131
819006
880148
462552
414246
378558
372570
891211
270076
880876
337863
413858
894803
298148
464449
622593
154484
12045
584850
899190
930712
625030
803395
652795
342932
159407
957988
246727
662767
699537
206377
502673
123092
67307
891695
803426
753507
661722
949916
656277
210913
206180
776675
416814
93648
611041
267815
181397
68826
821254
518263
985326
770407
115919
145976
68630
911182
637961
666976
743483
296487
23545
51486
965336
313279
320044
552408
138444
299493
989340
148108
74070
198945
511676
856152
713455
821572
482721
849429
95940
515483
782796
864925
542927
33661
593880
925997
797585
791812
49468
740006
404590
329560
120126
190510
816420
69350
410997
707891
771881
153712
855417
906575
301921
708735
115369
138503
406393
622195
402328
331374
500835
505147
270677
933287
800174
243039
454101
392968
465985
580090
200319
509913
568436
259718
603476
851259
281546
664848
76345
20453
66255
795274
532899
691914
227274
232319
248862
198423
17120
671649
295930
836120
220485
350654
361490
350458
693407
780945
831802
798251
509177
361717
531716
105118
660960
662452
148335
648682
300318
638206
541038
847058
744592
296885
525072
715679
319206
48293
835600
108522
530167
640465
41787
119222
88191
361001
92410
778617
295606
760983
106043
396667
564493
313272
818240
536856
487368
697064
790020
575392
959155
372342
364037
582493
687810
836087
495283
409972
936329
376502
123507
367588
789524
24521
732432
320428
702692
840062
38271
993353
741703
130869
301837
511389
256914
813895
395495
681899
714302
475940
940293
170815
363293
915259
55349
104555
132535
727186
573440
647915
538565
594741
364795
471338
760201
791883
719723
535390
109256
615492
243925
876430
196326
166958
576418
247347
308572
104359
534764
517052
218903
228205
155240
643500
206128
587281
533680
619039
200516
428298
944619
385450
518832
710246
931931
762463
43947
596827
602946
891312
950912
290556
220978
417643
834726
847495
603824
398755
40958
169947
510276
863599
399400
130375
4512
172044
712321
796605
290474
802974
312125
36389
10664
270035
520350
474958
546183
439528
292815
695295
836360
639429
413407
895340
652616
532996
349789
486660
109034
390672
233676
425447
519139
834471
483395
545845
659873
773633
860004
125122
394585
151435
193078
659301
219436
317836
46818
755567
680693
975977
942279
427513
410609
6147
287482
908055
777292
859262
472221
214633
718660
29149
