508107
402423
669837
768535
355129
335933
530925
951043
637531
350530
246656
537460
913982
288502
536105
777045
133926
152953
620509
505960
683178
787756
131915
774944
372332
965857
442918
105451
520948
789936
487632
745299
810857
280555
425956
688570
820779
642921
427808
726851
136591
320895
778541
232464
725944
237453
944205
167973
202383
110196
810016
56171
197790
154405
358803
66577
851470
842325
290406
178573
696059
787148
796887
654720
317681
550941
527152
645112
762694
672816
417258
919887
758740
687419
809149
104944
754192
251215
246085
623354
290380
631631
364114
509117
530885
913019
890124
529953
298410
26666
594945
811493
561322
9110
824269
127365
671928
172561
326629
44150
846238
255446
338880
348555
778875
824506
605090
971897
608795
584450
161926
39991
985585
956814
673191
987071
379891
336434
959211
832818
410002
146213
69229
469272
705493
35282
799909
543237
20177
799308
223926
479703
793799
870431
765652
494875
93978
595521
657360
692303
564715
463720
268802
68226
867795
684469
54098
755160
220348
281997
665122
975594
351580
234633
200412
457098
950159
763331
545683
50084
926417
818065
454616
416383
292821
636046
746652
202659
265796
104083
546301
32469
515093
586693
589103
836478
998981
349320
363784
540138
234292
186066
501863
22059
784284
984986
24194
799646
961070
66286
196939
312709
131595
801636
57983
965395
285339
515881
234635
810759
520782
106357
580059
445808
483309
954463
688256
448207
933404
415500
949244
388377
752686
722051
894317
717787
367717
691292
288597
676856
1732
810327
304450
69134
958867
510794
568286
521591
28015
158066
38421
594027
154763
113577
333918
214531
631879
608376
343721
549080
891499
395652
322787
262730
110336
354405
646249
189085
407435
365716
775046
452285
793127
73154
280426
333538
15166
729413
367658
879502
115427
403245
812974
450036
829455
475701
159356
538483
862839
52822
108830
666559
2886
550133
369841
113185
949436
654268
878669
889428
945059
773189
460108
159760
515689
526771
257465
438757
152927
550619
893399
504765
692109
941472
188747
180932
888175
187997
626663
116707
333200
327802
996947
907111
811266
195553
765722
104641
33719
863883
265806
397478
476864
59892
30745
855
564575
602605
840610
307323
564618
143184
474200
604647
111487
572429
455070
21056
497982
776867
290131
447224
561896
956779
576829
171124
103154
331790
826833
514702
27590
739031
990369
913526
664054
684707
560354
144051
767325
886453
625177
594760
300948
452582
922658
223153
816270
261754
219293
955916
327377
875917
452213
364821
98962
256876
704654
143690
711083
721728
119883
690477
622331
156580
349241
418216
736922
624408
54683
142282
969271
99535
352978
348847
307409
251491
789417
364159
182094
669865
234427
57997
534075
299486
766593
133535
557281
40704
569148
221325
607936
609593
570939
511874
758123
98166
431306
653600
178111
300055
289335
364736
532289
923839
89026
286422
368147
706698
504416
106419
615315
476894
300652
228389
739281
420890
840235
777145
370090
684
373370
312673
393990
375679
234390
659184
258538
784529
838152
962689
328698
744418
902699
79736
201295
544392
167451
455328
764401
909920
16252
99444
483249
761887
171812
406201
991910
950022
125286
95176
427394
164852
42172
58794
624143
927765
78096
870812
848268
153272
117159
467697
142558
39679
231403
355671
433141
839599
157907
964849
578620
245159
933105
182052
396668
145390
19415
765550
6734
564709
391719
786096
758267
486107
886454
862028
527858
479871
493852
743657
