295908
650800
884635
525011
379904
996145
597418
292864
995142
772152
19421
297517
843978
719973
514610
316391
324744
469968
581498
314918
490590
425083
908066
321428
804650
855783
711325
981611
569280
35010
791344
850684
776456
720509
177689
100619
530867
552188
174173
40792
156824
140583
856493
9529
921327
845854
812468
710050
62248
727753
254527
455
324265
607117
268298
894360
577507
28634
560931
208939
400080
738913
351997
204920
973323
605155
398036
807805
47435
964261
238903
564482
536829
884224
829943
12535
8957
769940
727402
737273
496498
525917
288412
146227
603523
288349
377748
119265
51642
226873
358142
289456
717875
101280
864442
106050
400064
492646
164416
996109
403549
201775
814701
294371
575755
199750
219055
374860
43339
472205
404170
950159
742904
413647
604420
496528
797441
467249
536115
871123
312066
786440
180897
956894
772095
408132
187161
268029
847164
296137
528017
920799
914492
164766
339059
976286
729556
276542
56714
671388
281706
893836
804549
470728
563919
132580
101739
176896
569655
434765
908444
777745
455377
416906
818944
550618
135175
1680
710990
943758
113940
908369
260027
447255
417148
557366
918333
855832
707117
974444
883130
205707
530352
902166
167442
571082
656588
630624
103302
897449
815031
132339
798851
400959
406202
569028
614415
310726
859552
431176
28687
265368
963610
24898
953138
483033
225906
2300
157758
742772
944746
858708
752437
395390
767345
801261
352611
921846
837953
744519
290247
16430
391960
425641
959388
619651
743376
350523
582786
805319
449053
791408
908110
548864
232675
957920
711531
683210
334962
621875
832107
631831
608479
340857
743406
611287
960000
744471
365869
126834
902851
64029
324708
584434
873835
781106
283418
87294
539305
549488
203214
35521
830547
997581
703295
847082
581699
953582
105752
112332
59791
951200
877175
432421
931424
209441
141273
532795
949745
12760
153444
56802
961318
784997
379471
765211
806854
694675
821554
989463
888919
336874
521958
607257
492821
247841
36440
499705
727438
696113
297839
663300
826909
579525
189207
771137
13504
652238
770858
22542
440537
358514
996027
756841
546494
423908
388670
884300
725373
105103
861975
810415
124783
364011
23293
97137
207479
873139
336011
382545
538392
602861
333219
752982
853744
156520
130687
608847
858133
733764
419030
484341
825739
698795
302823
734636
620383
554014
303460
108968
738978
624874
751550
981421
467077
153657
748105
968750
851662
54596
841996
186583
578997
338854
119208
3686
656669
832332
327714
773940
34802
782473
473871
805970
536795
194182
972571
855054
768348
788502
356150
533973
458892
173928
814043
472754
777965
984214
598205
362933
492653
182938
722001
879919
229816
318496
217459
456089
252920
938678
402678
695700
29546
913119
555083
719819
8350
422344
121868
648308
389579
785234
9190
218742
914316
496398
976417
718373
718139
871238
19150
660456
796329
667192
334348
134076
158263
99742
643126
546001
805139
874792
285932
406674
606867
844364
426493
781058
936231
839091
864110
93634
625342
531220
879913
114031
389880
949342
41285
131432
622211
107535
868782
533165
861013
999906
52977
645794
783556
59749
510695
900019
927109
718056
913723
425043
55743
753425
416153
280029
700939
752397
37492
398299
185099
746785
317428
103524
573156
338015
602043
854367
612761
96755
984403
865638
473285
206237
690294
645191
739380
381241
300984
444068
399391
653946
283093
389626
799939
73141
569491
674046
633053
165657
885523
284835
910404
922301
922554
255033
