677561
576078
863325
791368
715315
332025
294066
520731
778420
552546
588964
67132
650190
684301
596758
539783
48505
374146
609307
428725
743883
635840
318908
527770
238486
744337
960872
651079
246174
846905
822073
467983
834549
325576
937951
648103
696245
41359
467563
316711
801754
363055
132474
379629
267642
863436
11964
836577
709729
769953
810528
814226
493069
420590
614430
384447
636291
438988
362528
276850
357772
247648
763214
383879
976143
875950
173620
205771
102476
221701
597075
83392
642034
475544
94465
978876
846110
992557
684093
545072
38258
766318
962131
91782
193869
374749
613416
311844
883052
164901
488035
630798
755933
14667
74680
256680
42651
422212
53778
212824
358731
392415
772381
959050
677842
251555
784237
988237
866449
558067
155790
230043
851710
481774
805289
327862
606496
900308
611535
660077
595366
28769
219813
950846
617125
424638
517164
364245
841645
369805
416684
900915
583686
669602
501949
410474
671628
758418
587954
102660
643108
604003
882466
800260
664090
451746
691924
493828
358681
390036
430214
82941
385350
822788
34138
966757
379641
682363
792862
512243
39960
652238
53303
328190
864018
383377
688873
784963
514805
320554
794756
167045
651821
25536
532207
457551
499354
875217
701450
932117
645836
753571
648515
416313
770654
559186
791031
815657
265900
857160
29890
916325
459762
374923
585573
436510
270530
46321
394067
81402
192545
767022
76760
962484
38271
452878
348326
627425
716434
738366
105022
178317
2062
394500
852919
195588
436739
964367
114350
814316
373010
378664
429195
256912
126157
755976
661227
655607
848747
676548
586415
198579
873636
927844
364769
334646
49583
23377
61694
57117
620246
393516
755620
979089
491378
569595
352537
586691
913353
929214
325941
895444
171520
840800
456046
1239
135230
974985
330878
606702
449696
341136
131123
853520
867218
55502
665298
758957
163152
842126
898409
215336
567802
211296
374704
116931
904397
780812
748699
825305
374340
304548
937279
639108
441610
718003
357534
250847
724570
253329
258001
131045
789877
21464
150545
624248
57407
331697
756961
84414
72887
167240
424668
539302
893009
557278
150231
463496
22386
516732
198898
651435
531527
587333
695168
680736
68419
840549
708304
405387
131507
456934
562136
221697
129407
927841
303101
48077
335615
364689
958978
230541
470903
930819
748618
499834
261169
809129
231243
323397
723254
445006
953361
186780
135592
566501
766700
197899
856575
462010
184184
835520
301022
832458
76743
312935
113937
907118
787501
877044
961701
222833
680935
30271
170276
435523
428584
350216
972972
378119
730050
71964
220331
601415
971502
291089
21946
859527
412856
577451
236562
922295
978505
404833
217839
782273
207570
989241
5824
848643
297747
872528
857415
524119
593733
189494
408787
772365
156522
725814
534680
574906
842991
952691
724840
931817
974522
492141
763600
310512
219606
939427
375825
419166
380920
851
186298
256529
205678
600989
373407
764964
317923
338757
377719
996485
130833
745367
75479
61284
344067
156389
243207
126855
675014
234028
593982
281658
545196
263893
836352
311716
46588
161431
698064
538870
64313
849657
218066
765756
8269
717941
620482
321813
204242
581049
628875
643200
898110
157639
216325
961996
353000
618491
619150
925170
633787
623981
484483
934590
532982
394604
554460
601063
787997
276139
487138
699008
436096
905016
302221
977863
10533
940391
228606
461083
155924
135629
551829
411723
642944
931432
815536
778698
111949
680412
756609
521662
462210
880536
